experiment_id,run_id,prob_kb_version,subject,predicate,object,triple_key,observation_confidence,source_id,source_type,provenance,extractor_version,iteration
DEC036_A_llama-3.1-8b-instruct,train_kb,conservative_noisy_or_conflict_adjusted,Auralex Smartphone Max 1,manufactured_by,Auralex,auralex smartphone max 1|manufactured_by|auralex,0.98,product_1,structured,structured_row:Auralex Smartphone Max 1,structured,1
DEC036_A_llama-3.1-8b-instruct,train_kb,conservative_noisy_or_conflict_adjusted,Auralex Smartphone Max 1,belongs_to_category,smartphone,auralex smartphone max 1|belongs_to_category|smartphone,0.98,product_1,structured,structured_row:Auralex Smartphone Max 1,structured,1
DEC036_A_llama-3.1-8b-instruct,train_kb,conservative_noisy_or_conflict_adjusted,Auralex Smartphone Max 1,has_price_usd,249,auralex smartphone max 1|has_price_usd|249,0.98,product_1,structured,structured_row:Auralex Smartphone Max 1,structured,1
DEC036_A_llama-3.1-8b-instruct,train_kb,conservative_noisy_or_conflict_adjusted,Auralex Smartphone Max 1,has_screen_size_inch,14.0,auralex smartphone max 1|has_screen_size_inch|14.0,0.98,product_1,structured,structured_row:Auralex Smartphone Max 1,structured,1
DEC036_A_llama-3.1-8b-instruct,train_kb,conservative_noisy_or_conflict_adjusted,Auralex Smartphone Max 1,has_ram_gb,32,auralex smartphone max 1|has_ram_gb|32,0.98,product_1,structured,structured_row:Auralex Smartphone Max 1,structured,1
DEC036_A_llama-3.1-8b-instruct,train_kb,conservative_noisy_or_conflict_adjusted,Auralex Smartphone Max 1,has_storage_gb,1024,auralex smartphone max 1|has_storage_gb|1024,0.98,product_1,structured,structured_row:Auralex Smartphone Max 1,structured,1
DEC036_A_llama-3.1-8b-instruct,train_kb,conservative_noisy_or_conflict_adjusted,Auralex Smartphone Max 1,has_battery_life_hours,8,auralex smartphone max 1|has_battery_life_hours|8,0.98,product_1,structured,structured_row:Auralex Smartphone Max 1,structured,1
DEC036_A_llama-3.1-8b-instruct,train_kb,conservative_noisy_or_conflict_adjusted,Auralex Smartphone Max 1,has_weight_kg,1.2,auralex smartphone max 1|has_weight_kg|1.2,0.98,product_1,structured,structured_row:Auralex Smartphone Max 1,structured,1
DEC036_A_llama-3.1-8b-instruct,train_kb,conservative_noisy_or_conflict_adjusted,Auralex Smartphone Max 1,has_color,blue,auralex smartphone max 1|has_color|blue,0.98,product_1,structured,structured_row:Auralex Smartphone Max 1,structured,1
DEC036_A_llama-3.1-8b-instruct,train_kb,conservative_noisy_or_conflict_adjusted,Auralex Smartphone Max 1,made_of_material,aluminum,auralex smartphone max 1|made_of_material|aluminum,0.98,product_1,structured,structured_row:Auralex Smartphone Max 1,structured,1
DEC036_A_llama-3.1-8b-instruct,train_kb,conservative_noisy_or_conflict_adjusted,Auralex Smartphone Max 1,target_market_region,US,auralex smartphone max 1|target_market_region|us,0.98,product_1,structured,structured_row:Auralex Smartphone Max 1,structured,1
DEC036_A_llama-3.1-8b-instruct,train_kb,conservative_noisy_or_conflict_adjusted,Auralex Smartphone Max 1,supports_fast_charging,no,auralex smartphone max 1|supports_fast_charging|no,0.98,product_1,structured,structured_row:Auralex Smartphone Max 1,structured,1
DEC036_A_llama-3.1-8b-instruct,train_kb,conservative_noisy_or_conflict_adjusted,Auralex Smartphone Max 1,has_noise_cancellation,no,auralex smartphone max 1|has_noise_cancellation|no,0.98,product_1,structured,structured_row:Auralex Smartphone Max 1,structured,1
DEC036_A_llama-3.1-8b-instruct,train_kb,conservative_noisy_or_conflict_adjusted,TechNova Laptop Air 2,manufactured_by,TechNova,technova laptop air 2|manufactured_by|technova,0.98,product_2,structured,structured_row:TechNova Laptop Air 2,structured,1
DEC036_A_llama-3.1-8b-instruct,train_kb,conservative_noisy_or_conflict_adjusted,TechNova Laptop Air 2,belongs_to_category,laptop,technova laptop air 2|belongs_to_category|laptop,0.98,product_2,structured,structured_row:TechNova Laptop Air 2,structured,1
DEC036_A_llama-3.1-8b-instruct,train_kb,conservative_noisy_or_conflict_adjusted,TechNova Laptop Air 2,has_price_usd,499,technova laptop air 2|has_price_usd|499,0.98,product_2,structured,structured_row:TechNova Laptop Air 2,structured,1
DEC036_A_llama-3.1-8b-instruct,train_kb,conservative_noisy_or_conflict_adjusted,TechNova Laptop Air 2,has_screen_size_inch,15.6,technova laptop air 2|has_screen_size_inch|15.6,0.98,product_2,structured,structured_row:TechNova Laptop Air 2,structured,1
DEC036_A_llama-3.1-8b-instruct,train_kb,conservative_noisy_or_conflict_adjusted,TechNova Laptop Air 2,has_ram_gb,4,technova laptop air 2|has_ram_gb|4,0.98,product_2,structured,structured_row:TechNova Laptop Air 2,structured,1
DEC036_A_llama-3.1-8b-instruct,train_kb,conservative_noisy_or_conflict_adjusted,TechNova Laptop Air 2,has_storage_gb,128,technova laptop air 2|has_storage_gb|128,0.98,product_2,structured,structured_row:TechNova Laptop Air 2,structured,1
DEC036_A_llama-3.1-8b-instruct,train_kb,conservative_noisy_or_conflict_adjusted,TechNova Laptop Air 2,has_battery_life_hours,20,technova laptop air 2|has_battery_life_hours|20,0.98,product_2,structured,structured_row:TechNova Laptop Air 2,structured,1
DEC036_A_llama-3.1-8b-instruct,train_kb,conservative_noisy_or_conflict_adjusted,TechNova Laptop Air 2,has_weight_kg,0.55,technova laptop air 2|has_weight_kg|0.55,0.98,product_2,structured,structured_row:TechNova Laptop Air 2,structured,1
DEC036_A_llama-3.1-8b-instruct,train_kb,conservative_noisy_or_conflict_adjusted,TechNova Laptop Air 2,has_color,green,technova laptop air 2|has_color|green,0.98,product_2,structured,structured_row:TechNova Laptop Air 2,structured,1
DEC036_A_llama-3.1-8b-instruct,train_kb,conservative_noisy_or_conflict_adjusted,TechNova Laptop Air 2,made_of_material,plastic,technova laptop air 2|made_of_material|plastic,0.98,product_2,structured,structured_row:TechNova Laptop Air 2,structured,1
DEC036_A_llama-3.1-8b-instruct,train_kb,conservative_noisy_or_conflict_adjusted,TechNova Laptop Air 2,target_market_region,US,technova laptop air 2|target_market_region|us,0.98,product_2,structured,structured_row:TechNova Laptop Air 2,structured,1
DEC036_A_llama-3.1-8b-instruct,train_kb,conservative_noisy_or_conflict_adjusted,TechNova Laptop Air 2,supports_fast_charging,no,technova laptop air 2|supports_fast_charging|no,0.98,product_2,structured,structured_row:TechNova Laptop Air 2,structured,1
DEC036_A_llama-3.1-8b-instruct,train_kb,conservative_noisy_or_conflict_adjusted,TechNova Laptop Air 2,has_noise_cancellation,no,technova laptop air 2|has_noise_cancellation|no,0.98,product_2,structured,structured_row:TechNova Laptop Air 2,structured,1
DEC036_A_llama-3.1-8b-instruct,train_kb,conservative_noisy_or_conflict_adjusted,laptop device,has_price_usd,499,laptop device|has_price_usd|499,0.92,product_2,unstructured,LP=0.869077;LPO=0.996511|It is a laptop device. Priced at 499 USD. The display measures 15.6 inches. Comes with 4GB of RAM. Offers 128GB of internal storage. Available in green. Targeted at the US market.,unstructured,1
DEC036_A_llama-3.1-8b-instruct,train_kb,conservative_noisy_or_conflict_adjusted,laptop device,has_screen_size_inch,15.6,laptop device|has_screen_size_inch|15.6,0.93,product_2,unstructured,LP=0.999034;LPO=0.999886|It is a laptop device. Priced at 499 USD. The display measures 15.6 inches. Comes with 4GB of RAM. Offers 128GB of internal storage. Available in green. Targeted at the US market.,unstructured,1
DEC036_A_llama-3.1-8b-instruct,train_kb,conservative_noisy_or_conflict_adjusted,laptop device,has_ram_gb,4,laptop device|has_ram_gb|4,0.94,product_2,unstructured,LP=0.999730;LPO=0.999958|It is a laptop device. Priced at 499 USD. The display measures 15.6 inches. Comes with 4GB of RAM. Offers 128GB of internal storage. Available in green. Targeted at the US market.,unstructured,1
DEC036_A_llama-3.1-8b-instruct,train_kb,conservative_noisy_or_conflict_adjusted,laptop device,has_storage_gb,128,laptop device|has_storage_gb|128,0.95,product_2,unstructured,LP=0.999847;LPO=0.999991|It is a laptop device. Priced at 499 USD. The display measures 15.6 inches. Comes with 4GB of RAM. Offers 128GB of internal storage. Available in green. Targeted at the US market.,unstructured,1
DEC036_A_llama-3.1-8b-instruct,train_kb,conservative_noisy_or_conflict_adjusted,laptop device,has_color,green,laptop device|has_color|green,0.96,product_2,unstructured,LP=0.994408;LPO=0.999915|It is a laptop device. Priced at 499 USD. The display measures 15.6 inches. Comes with 4GB of RAM. Offers 128GB of internal storage. Available in green. Targeted at the US market.,unstructured,1
DEC036_A_llama-3.1-8b-instruct,train_kb,conservative_noisy_or_conflict_adjusted,laptop device,target_market_region,US,laptop device|target_market_region|us,0.92,product_2,unstructured,LP=0.996235;LPO=0.977851|It is a laptop device. Priced at 499 USD. The display measures 15.6 inches. Comes with 4GB of RAM. Offers 128GB of internal storage. Available in green. Targeted at the US market.,unstructured,1
DEC036_A_llama-3.1-8b-instruct,train_kb,conservative_noisy_or_conflict_adjusted,Auralex Headphones Air 8,manufactured_by,Auralex,auralex headphones air 8|manufactured_by|auralex,0.98,product_8,structured,structured_row:Auralex Headphones Air 8,structured,1
DEC036_A_llama-3.1-8b-instruct,train_kb,conservative_noisy_or_conflict_adjusted,Auralex Headphones Air 8,belongs_to_category,headphones,auralex headphones air 8|belongs_to_category|headphones,0.98,product_8,structured,structured_row:Auralex Headphones Air 8,structured,1
DEC036_A_llama-3.1-8b-instruct,train_kb,conservative_noisy_or_conflict_adjusted,Auralex Headphones Air 8,has_price_usd,199,auralex headphones air 8|has_price_usd|199,0.98,product_8,structured,structured_row:Auralex Headphones Air 8,structured,1
DEC036_A_llama-3.1-8b-instruct,train_kb,conservative_noisy_or_conflict_adjusted,Auralex Headphones Air 8,has_screen_size_inch,14.0,auralex headphones air 8|has_screen_size_inch|14.0,0.98,product_8,structured,structured_row:Auralex Headphones Air 8,structured,1
DEC036_A_llama-3.1-8b-instruct,train_kb,conservative_noisy_or_conflict_adjusted,Auralex Headphones Air 8,has_ram_gb,32,auralex headphones air 8|has_ram_gb|32,0.98,product_8,structured,structured_row:Auralex Headphones Air 8,structured,1
DEC036_A_llama-3.1-8b-instruct,train_kb,conservative_noisy_or_conflict_adjusted,Auralex Headphones Air 8,has_storage_gb,256,auralex headphones air 8|has_storage_gb|256,0.98,product_8,structured,structured_row:Auralex Headphones Air 8,structured,1
DEC036_A_llama-3.1-8b-instruct,train_kb,conservative_noisy_or_conflict_adjusted,Auralex Headphones Air 8,has_battery_life_hours,18,auralex headphones air 8|has_battery_life_hours|18,0.98,product_8,structured,structured_row:Auralex Headphones Air 8,structured,1
DEC036_A_llama-3.1-8b-instruct,train_kb,conservative_noisy_or_conflict_adjusted,Auralex Headphones Air 8,has_weight_kg,1.8,auralex headphones air 8|has_weight_kg|1.8,0.98,product_8,structured,structured_row:Auralex Headphones Air 8,structured,1
DEC036_A_llama-3.1-8b-instruct,train_kb,conservative_noisy_or_conflict_adjusted,Auralex Headphones Air 8,has_color,blue,auralex headphones air 8|has_color|blue,0.98,product_8,structured,structured_row:Auralex Headphones Air 8,structured,1
DEC036_A_llama-3.1-8b-instruct,train_kb,conservative_noisy_or_conflict_adjusted,Auralex Headphones Air 8,made_of_material,plastic,auralex headphones air 8|made_of_material|plastic,0.98,product_8,structured,structured_row:Auralex Headphones Air 8,structured,1
DEC036_A_llama-3.1-8b-instruct,train_kb,conservative_noisy_or_conflict_adjusted,Auralex Headphones Air 8,target_market_region,US,auralex headphones air 8|target_market_region|us,0.98,product_8,structured,structured_row:Auralex Headphones Air 8,structured,1
DEC036_A_llama-3.1-8b-instruct,train_kb,conservative_noisy_or_conflict_adjusted,Auralex Headphones Air 8,supports_fast_charging,yes,auralex headphones air 8|supports_fast_charging|yes,0.98,product_8,structured,structured_row:Auralex Headphones Air 8,structured,1
DEC036_A_llama-3.1-8b-instruct,train_kb,conservative_noisy_or_conflict_adjusted,Auralex Headphones Air 8,has_noise_cancellation,yes,auralex headphones air 8|has_noise_cancellation|yes,0.98,product_8,structured,structured_row:Auralex Headphones Air 8,structured,1
DEC036_A_llama-3.1-8b-instruct,train_kb,conservative_noisy_or_conflict_adjusted,TechNova Smartphone Pro 1,has_price_usd,199,technova smartphone pro 1|has_price_usd|199,0.91,product_8,unstructured,LP=0.952207;LPO=0.999354|Priced at 199 USD. The display measures 14.0 inches. Comes with 32GB of RAM. Weighs approximately 1.8kg. Available in blue. Targeted at the US market. Noise cancellation: yes.,unstructured,1
DEC036_A_llama-3.1-8b-instruct,train_kb,conservative_noisy_or_conflict_adjusted,TechNova Smartphone Pro 1,has_screen_size_inch,14.0,technova smartphone pro 1|has_screen_size_inch|14.0,0.91,product_8,unstructured,LP=0.995976;LPO=0.961784|Priced at 199 USD. The display measures 14.0 inches. Comes with 32GB of RAM. Weighs approximately 1.8kg. Available in blue. Targeted at the US market. Noise cancellation: yes.,unstructured,1
DEC036_A_llama-3.1-8b-instruct,train_kb,conservative_noisy_or_conflict_adjusted,TechNova Smartphone Pro 1,has_ram_gb,32,technova smartphone pro 1|has_ram_gb|32,0.91,product_8,unstructured,LP=0.999323;LPO=0.997861|Priced at 199 USD. The display measures 14.0 inches. Comes with 32GB of RAM. Weighs approximately 1.8kg. Available in blue. Targeted at the US market. Noise cancellation: yes.,unstructured,1
DEC036_A_llama-3.1-8b-instruct,train_kb,conservative_noisy_or_conflict_adjusted,TechNova Smartphone Pro 1,has_weight_kg,1.8,technova smartphone pro 1|has_weight_kg|1.8,0.91,product_8,unstructured,LP=0.999659;LPO=0.999542|Priced at 199 USD. The display measures 14.0 inches. Comes with 32GB of RAM. Weighs approximately 1.8kg. Available in blue. Targeted at the US market. Noise cancellation: yes.,unstructured,1
DEC036_A_llama-3.1-8b-instruct,train_kb,conservative_noisy_or_conflict_adjusted,TechNova Smartphone Pro 1,has_color,blue,technova smartphone pro 1|has_color|blue,0.91,product_8,unstructured,LP=0.999079;LPO=0.998769|Priced at 199 USD. The display measures 14.0 inches. Comes with 32GB of RAM. Weighs approximately 1.8kg. Available in blue. Targeted at the US market. Noise cancellation: yes.,unstructured,1
DEC036_A_llama-3.1-8b-instruct,train_kb,conservative_noisy_or_conflict_adjusted,TechNova Smartphone Pro 1,target_market_region,US,technova smartphone pro 1|target_market_region|us,0.91,product_8,unstructured,LP=0.996714;LPO=0.970473|Priced at 199 USD. The display measures 14.0 inches. Comes with 32GB of RAM. Weighs approximately 1.8kg. Available in blue. Targeted at the US market. Noise cancellation: yes.,unstructured,1
DEC036_A_llama-3.1-8b-instruct,train_kb,conservative_noisy_or_conflict_adjusted,TechNova Smartphone Pro 1,supports_fast_charging,no,technova smartphone pro 1|supports_fast_charging|no,0.91,product_8,unstructured,LP=0.943043;LPO=0.573125|Priced at 199 USD. The display measures 14.0 inches. Comes with 32GB of RAM. Weighs approximately 1.8kg. Available in blue. Targeted at the US market. Noise cancellation: yes.,unstructured,1
DEC036_A_llama-3.1-8b-instruct,train_kb,conservative_noisy_or_conflict_adjusted,TechNova Smartphone Pro 1,has_noise_cancellation,yes,technova smartphone pro 1|has_noise_cancellation|yes,0.91,product_8,unstructured,LP=0.991094;LPO=0.995416|Priced at 199 USD. The display measures 14.0 inches. Comes with 32GB of RAM. Weighs approximately 1.8kg. Available in blue. Targeted at the US market. Noise cancellation: yes.,unstructured,1
DEC036_A_llama-3.1-8b-instruct,train_kb,conservative_noisy_or_conflict_adjusted,Zenbyte Laptop Air 9,manufactured_by,Zenbyte,zenbyte laptop air 9|manufactured_by|zenbyte,0.98,product_9,structured,structured_row:Zenbyte Laptop Air 9,structured,1
DEC036_A_llama-3.1-8b-instruct,train_kb,conservative_noisy_or_conflict_adjusted,Zenbyte Laptop Air 9,belongs_to_category,laptop,zenbyte laptop air 9|belongs_to_category|laptop,0.98,product_9,structured,structured_row:Zenbyte Laptop Air 9,structured,1
DEC036_A_llama-3.1-8b-instruct,train_kb,conservative_noisy_or_conflict_adjusted,Zenbyte Laptop Air 9,has_price_usd,199,zenbyte laptop air 9|has_price_usd|199,0.98,product_9,structured,structured_row:Zenbyte Laptop Air 9,structured,1
DEC036_A_llama-3.1-8b-instruct,train_kb,conservative_noisy_or_conflict_adjusted,Zenbyte Laptop Air 9,has_screen_size_inch,6.1,zenbyte laptop air 9|has_screen_size_inch|6.1,0.98,product_9,structured,structured_row:Zenbyte Laptop Air 9,structured,1
DEC036_A_llama-3.1-8b-instruct,train_kb,conservative_noisy_or_conflict_adjusted,Zenbyte Laptop Air 9,has_ram_gb,8,zenbyte laptop air 9|has_ram_gb|8,0.98,product_9,structured,structured_row:Zenbyte Laptop Air 9,structured,1
DEC036_A_llama-3.1-8b-instruct,train_kb,conservative_noisy_or_conflict_adjusted,Zenbyte Laptop Air 9,has_storage_gb,256,zenbyte laptop air 9|has_storage_gb|256,0.98,product_9,structured,structured_row:Zenbyte Laptop Air 9,structured,1
DEC036_A_llama-3.1-8b-instruct,train_kb,conservative_noisy_or_conflict_adjusted,Zenbyte Laptop Air 9,has_battery_life_hours,10,zenbyte laptop air 9|has_battery_life_hours|10,0.98,product_9,structured,structured_row:Zenbyte Laptop Air 9,structured,1
DEC036_A_llama-3.1-8b-instruct,train_kb,conservative_noisy_or_conflict_adjusted,Zenbyte Laptop Air 9,has_weight_kg,0.18,zenbyte laptop air 9|has_weight_kg|0.18,0.98,product_9,structured,structured_row:Zenbyte Laptop Air 9,structured,1
DEC036_A_llama-3.1-8b-instruct,train_kb,conservative_noisy_or_conflict_adjusted,Zenbyte Laptop Air 9,has_color,green,zenbyte laptop air 9|has_color|green,0.98,product_9,structured,structured_row:Zenbyte Laptop Air 9,structured,1
DEC036_A_llama-3.1-8b-instruct,train_kb,conservative_noisy_or_conflict_adjusted,Zenbyte Laptop Air 9,made_of_material,aluminum,zenbyte laptop air 9|made_of_material|aluminum,0.98,product_9,structured,structured_row:Zenbyte Laptop Air 9,structured,1
DEC036_A_llama-3.1-8b-instruct,train_kb,conservative_noisy_or_conflict_adjusted,Zenbyte Laptop Air 9,target_market_region,APAC,zenbyte laptop air 9|target_market_region|apac,0.98,product_9,structured,structured_row:Zenbyte Laptop Air 9,structured,1
DEC036_A_llama-3.1-8b-instruct,train_kb,conservative_noisy_or_conflict_adjusted,Zenbyte Laptop Air 9,supports_fast_charging,yes,zenbyte laptop air 9|supports_fast_charging|yes,0.98,product_9,structured,structured_row:Zenbyte Laptop Air 9,structured,1
DEC036_A_llama-3.1-8b-instruct,train_kb,conservative_noisy_or_conflict_adjusted,Zenbyte Laptop Air 9,has_noise_cancellation,no,zenbyte laptop air 9|has_noise_cancellation|no,0.98,product_9,structured,structured_row:Zenbyte Laptop Air 9,structured,1
DEC036_A_llama-3.1-8b-instruct,train_kb,conservative_noisy_or_conflict_adjusted,laptop device,has_price_usd,199,laptop device|has_price_usd|199,0.92,product_9,unstructured,LP=0.805027;LPO=0.998596|It is a laptop device. Priced at 199 USD. Weighs approximately 0.18kg. Available in green. Built with aluminum construction. Targeted at the APAC market. Fast charging is yes.,unstructured,1
DEC036_A_llama-3.1-8b-instruct,train_kb,conservative_noisy_or_conflict_adjusted,laptop device,has_weight_kg,0.18,laptop device|has_weight_kg|0.18,0.93,product_9,unstructured,LP=0.998128;LPO=0.990823|It is a laptop device. Priced at 199 USD. Weighs approximately 0.18kg. Available in green. Built with aluminum construction. Targeted at the APAC market. Fast charging is yes.,unstructured,1
DEC036_A_llama-3.1-8b-instruct,train_kb,conservative_noisy_or_conflict_adjusted,laptop device,has_color,green,laptop device|has_color|green,0.94,product_9,unstructured,LP=0.995991;LPO=0.999806|It is a laptop device. Priced at 199 USD. Weighs approximately 0.18kg. Available in green. Built with aluminum construction. Targeted at the APAC market. Fast charging is yes.,unstructured,1
DEC036_A_llama-3.1-8b-instruct,train_kb,conservative_noisy_or_conflict_adjusted,laptop device,made_of_material,aluminum,laptop device|made_of_material|aluminum,0.95,product_9,unstructured,LP=0.987380;LPO=0.999660|It is a laptop device. Priced at 199 USD. Weighs approximately 0.18kg. Available in green. Built with aluminum construction. Targeted at the APAC market. Fast charging is yes.,unstructured,1
DEC036_A_llama-3.1-8b-instruct,train_kb,conservative_noisy_or_conflict_adjusted,laptop device,target_market_region,APAC,laptop device|target_market_region|apac,0.96,product_9,unstructured,LP=0.998736;LPO=0.998982|It is a laptop device. Priced at 199 USD. Weighs approximately 0.18kg. Available in green. Built with aluminum construction. Targeted at the APAC market. Fast charging is yes.,unstructured,1
DEC036_A_llama-3.1-8b-instruct,train_kb,conservative_noisy_or_conflict_adjusted,laptop device,supports_fast_charging,yes,laptop device|supports_fast_charging|yes,0.9,product_9,unstructured,LP=0.999437;LPO=0.997486|It is a laptop device. Priced at 199 USD. Weighs approximately 0.18kg. Available in green. Built with aluminum construction. Targeted at the APAC market. Fast charging is yes.,unstructured,1
DEC036_A_llama-3.1-8b-instruct,train_kb,conservative_noisy_or_conflict_adjusted,PixelWare Laptop Plus 11,manufactured_by,PixelWare,pixelware laptop plus 11|manufactured_by|pixelware,0.98,product_11,structured,structured_row:PixelWare Laptop Plus 11,structured,1
DEC036_A_llama-3.1-8b-instruct,train_kb,conservative_noisy_or_conflict_adjusted,PixelWare Laptop Plus 11,belongs_to_category,laptop,pixelware laptop plus 11|belongs_to_category|laptop,0.98,product_11,structured,structured_row:PixelWare Laptop Plus 11,structured,1
DEC036_A_llama-3.1-8b-instruct,train_kb,conservative_noisy_or_conflict_adjusted,PixelWare Laptop Plus 11,has_price_usd,1299,pixelware laptop plus 11|has_price_usd|1299,0.98,product_11,structured,structured_row:PixelWare Laptop Plus 11,structured,1
DEC036_A_llama-3.1-8b-instruct,train_kb,conservative_noisy_or_conflict_adjusted,PixelWare Laptop Plus 11,has_screen_size_inch,6.7,pixelware laptop plus 11|has_screen_size_inch|6.7,0.98,product_11,structured,structured_row:PixelWare Laptop Plus 11,structured,1
DEC036_A_llama-3.1-8b-instruct,train_kb,conservative_noisy_or_conflict_adjusted,PixelWare Laptop Plus 11,has_ram_gb,16,pixelware laptop plus 11|has_ram_gb|16,0.98,product_11,structured,structured_row:PixelWare Laptop Plus 11,structured,1
DEC036_A_llama-3.1-8b-instruct,train_kb,conservative_noisy_or_conflict_adjusted,PixelWare Laptop Plus 11,has_storage_gb,128,pixelware laptop plus 11|has_storage_gb|128,0.98,product_11,structured,structured_row:PixelWare Laptop Plus 11,structured,1
DEC036_A_llama-3.1-8b-instruct,train_kb,conservative_noisy_or_conflict_adjusted,PixelWare Laptop Plus 11,has_battery_life_hours,8,pixelware laptop plus 11|has_battery_life_hours|8,0.98,product_11,structured,structured_row:PixelWare Laptop Plus 11,structured,1
DEC036_A_llama-3.1-8b-instruct,train_kb,conservative_noisy_or_conflict_adjusted,PixelWare Laptop Plus 11,has_weight_kg,0.18,pixelware laptop plus 11|has_weight_kg|0.18,0.98,product_11,structured,structured_row:PixelWare Laptop Plus 11,structured,1
DEC036_A_llama-3.1-8b-instruct,train_kb,conservative_noisy_or_conflict_adjusted,PixelWare Laptop Plus 11,has_color,black,pixelware laptop plus 11|has_color|black,0.98,product_11,structured,structured_row:PixelWare Laptop Plus 11,structured,1
DEC036_A_llama-3.1-8b-instruct,train_kb,conservative_noisy_or_conflict_adjusted,PixelWare Laptop Plus 11,made_of_material,plastic,pixelware laptop plus 11|made_of_material|plastic,0.98,product_11,structured,structured_row:PixelWare Laptop Plus 11,structured,1
DEC036_A_llama-3.1-8b-instruct,train_kb,conservative_noisy_or_conflict_adjusted,PixelWare Laptop Plus 11,target_market_region,EU,pixelware laptop plus 11|target_market_region|eu,0.98,product_11,structured,structured_row:PixelWare Laptop Plus 11,structured,1
DEC036_A_llama-3.1-8b-instruct,train_kb,conservative_noisy_or_conflict_adjusted,PixelWare Laptop Plus 11,supports_fast_charging,yes,pixelware laptop plus 11|supports_fast_charging|yes,0.98,product_11,structured,structured_row:PixelWare Laptop Plus 11,structured,1
DEC036_A_llama-3.1-8b-instruct,train_kb,conservative_noisy_or_conflict_adjusted,PixelWare Laptop Plus 11,has_noise_cancellation,no,pixelware laptop plus 11|has_noise_cancellation|no,0.98,product_11,structured,structured_row:PixelWare Laptop Plus 11,structured,1
DEC036_A_llama-3.1-8b-instruct,train_kb,conservative_noisy_or_conflict_adjusted,PixelWare Laptop Plus 11,manufactured_by,PixelWare,pixelware laptop plus 11|manufactured_by|pixelware,0.95,product_11,unstructured,LP=0.991061;LPO=0.999836|PixelWare Laptop Plus 11 is manufactured by PixelWare. It is a laptop device. Priced at 1299 USD. The display measures 6.7 inches. Offers 128GB of internal storage. Fast charging is yes. Noise cancellation: no.,unstructured,1
DEC036_A_llama-3.1-8b-instruct,train_kb,conservative_noisy_or_conflict_adjusted,PixelWare Laptop Plus 11,has_price_usd,1299,pixelware laptop plus 11|has_price_usd|1299,0.92,product_11,unstructured,LP=0.948325;LPO=0.998218|PixelWare Laptop Plus 11 is manufactured by PixelWare. It is a laptop device. Priced at 1299 USD. The display measures 6.7 inches. Offers 128GB of internal storage. Fast charging is yes. Noise cancellation: no.,unstructured,1
DEC036_A_llama-3.1-8b-instruct,train_kb,conservative_noisy_or_conflict_adjusted,PixelWare Laptop Plus 11,has_screen_size_inch,6.7,pixelware laptop plus 11|has_screen_size_inch|6.7,0.93,product_11,unstructured,LP=0.999181;LPO=0.999887|PixelWare Laptop Plus 11 is manufactured by PixelWare. It is a laptop device. Priced at 1299 USD. The display measures 6.7 inches. Offers 128GB of internal storage. Fast charging is yes. Noise cancellation: no.,unstructured,1
DEC036_A_llama-3.1-8b-instruct,train_kb,conservative_noisy_or_conflict_adjusted,PixelWare Laptop Plus 11,has_ram_gb,128,pixelware laptop plus 11|has_ram_gb|128,0.94,product_11,unstructured,LP=0.912118;LPO=0.506696|PixelWare Laptop Plus 11 is manufactured by PixelWare. It is a laptop device. Priced at 1299 USD. The display measures 6.7 inches. Offers 128GB of internal storage. Fast charging is yes. Noise cancellation: no.,unstructured,1
DEC036_A_llama-3.1-8b-instruct,train_kb,conservative_noisy_or_conflict_adjusted,PixelWare Laptop Plus 11,supports_fast_charging,yes,pixelware laptop plus 11|supports_fast_charging|yes,0.9,product_11,unstructured,LP=0.960476;LPO=0.997788|PixelWare Laptop Plus 11 is manufactured by PixelWare. It is a laptop device. Priced at 1299 USD. The display measures 6.7 inches. Offers 128GB of internal storage. Fast charging is yes. Noise cancellation: no.,unstructured,1
DEC036_A_llama-3.1-8b-instruct,train_kb,conservative_noisy_or_conflict_adjusted,PixelWare Laptop Plus 11,has_noise_cancellation,no,pixelware laptop plus 11|has_noise_cancellation|no,0.89,product_11,unstructured,LP=0.999903;LPO=0.999913|PixelWare Laptop Plus 11 is manufactured by PixelWare. It is a laptop device. Priced at 1299 USD. The display measures 6.7 inches. Offers 128GB of internal storage. Fast charging is yes. Noise cancellation: no.,unstructured,1
DEC036_A_llama-3.1-8b-instruct,train_kb,conservative_noisy_or_conflict_adjusted,PixelWare Tablet Max 12,manufactured_by,PixelWare,pixelware tablet max 12|manufactured_by|pixelware,0.98,product_12,structured,structured_row:PixelWare Tablet Max 12,structured,1
DEC036_A_llama-3.1-8b-instruct,train_kb,conservative_noisy_or_conflict_adjusted,PixelWare Tablet Max 12,belongs_to_category,tablet,pixelware tablet max 12|belongs_to_category|tablet,0.98,product_12,structured,structured_row:PixelWare Tablet Max 12,structured,1
DEC036_A_llama-3.1-8b-instruct,train_kb,conservative_noisy_or_conflict_adjusted,PixelWare Tablet Max 12,has_price_usd,1099,pixelware tablet max 12|has_price_usd|1099,0.98,product_12,structured,structured_row:PixelWare Tablet Max 12,structured,1
DEC036_A_llama-3.1-8b-instruct,train_kb,conservative_noisy_or_conflict_adjusted,PixelWare Tablet Max 12,has_screen_size_inch,15.6,pixelware tablet max 12|has_screen_size_inch|15.6,0.98,product_12,structured,structured_row:PixelWare Tablet Max 12,structured,1
DEC036_A_llama-3.1-8b-instruct,train_kb,conservative_noisy_or_conflict_adjusted,PixelWare Tablet Max 12,has_ram_gb,12,pixelware tablet max 12|has_ram_gb|12,0.98,product_12,structured,structured_row:PixelWare Tablet Max 12,structured,1
DEC036_A_llama-3.1-8b-instruct,train_kb,conservative_noisy_or_conflict_adjusted,PixelWare Tablet Max 12,has_storage_gb,128,pixelware tablet max 12|has_storage_gb|128,0.98,product_12,structured,structured_row:PixelWare Tablet Max 12,structured,1
DEC036_A_llama-3.1-8b-instruct,train_kb,conservative_noisy_or_conflict_adjusted,PixelWare Tablet Max 12,has_battery_life_hours,8,pixelware tablet max 12|has_battery_life_hours|8,0.98,product_12,structured,structured_row:PixelWare Tablet Max 12,structured,1
DEC036_A_llama-3.1-8b-instruct,train_kb,conservative_noisy_or_conflict_adjusted,PixelWare Tablet Max 12,has_weight_kg,0.18,pixelware tablet max 12|has_weight_kg|0.18,0.98,product_12,structured,structured_row:PixelWare Tablet Max 12,structured,1
DEC036_A_llama-3.1-8b-instruct,train_kb,conservative_noisy_or_conflict_adjusted,PixelWare Tablet Max 12,has_color,green,pixelware tablet max 12|has_color|green,0.98,product_12,structured,structured_row:PixelWare Tablet Max 12,structured,1
DEC036_A_llama-3.1-8b-instruct,train_kb,conservative_noisy_or_conflict_adjusted,PixelWare Tablet Max 12,made_of_material,aluminum,pixelware tablet max 12|made_of_material|aluminum,0.98,product_12,structured,structured_row:PixelWare Tablet Max 12,structured,1
DEC036_A_llama-3.1-8b-instruct,train_kb,conservative_noisy_or_conflict_adjusted,PixelWare Tablet Max 12,target_market_region,Global,pixelware tablet max 12|target_market_region|global,0.98,product_12,structured,structured_row:PixelWare Tablet Max 12,structured,1
DEC036_A_llama-3.1-8b-instruct,train_kb,conservative_noisy_or_conflict_adjusted,PixelWare Tablet Max 12,supports_fast_charging,no,pixelware tablet max 12|supports_fast_charging|no,0.98,product_12,structured,structured_row:PixelWare Tablet Max 12,structured,1
DEC036_A_llama-3.1-8b-instruct,train_kb,conservative_noisy_or_conflict_adjusted,PixelWare Tablet Max 12,has_noise_cancellation,no,pixelware tablet max 12|has_noise_cancellation|no,0.98,product_12,structured,structured_row:PixelWare Tablet Max 12,structured,1
DEC036_A_llama-3.1-8b-instruct,train_kb,conservative_noisy_or_conflict_adjusted,TechNova Tablet Max 13,manufactured_by,TechNova,technova tablet max 13|manufactured_by|technova,0.98,product_13,structured,structured_row:TechNova Tablet Max 13,structured,1
DEC036_A_llama-3.1-8b-instruct,train_kb,conservative_noisy_or_conflict_adjusted,TechNova Tablet Max 13,belongs_to_category,tablet,technova tablet max 13|belongs_to_category|tablet,0.98,product_13,structured,structured_row:TechNova Tablet Max 13,structured,1
DEC036_A_llama-3.1-8b-instruct,train_kb,conservative_noisy_or_conflict_adjusted,TechNova Tablet Max 13,has_price_usd,349,technova tablet max 13|has_price_usd|349,0.98,product_13,structured,structured_row:TechNova Tablet Max 13,structured,1
DEC036_A_llama-3.1-8b-instruct,train_kb,conservative_noisy_or_conflict_adjusted,TechNova Tablet Max 13,has_screen_size_inch,13.3,technova tablet max 13|has_screen_size_inch|13.3,0.98,product_13,structured,structured_row:TechNova Tablet Max 13,structured,1
DEC036_A_llama-3.1-8b-instruct,train_kb,conservative_noisy_or_conflict_adjusted,TechNova Tablet Max 13,has_ram_gb,12,technova tablet max 13|has_ram_gb|12,0.98,product_13,structured,structured_row:TechNova Tablet Max 13,structured,1
DEC036_A_llama-3.1-8b-instruct,train_kb,conservative_noisy_or_conflict_adjusted,TechNova Tablet Max 13,has_storage_gb,128,technova tablet max 13|has_storage_gb|128,0.98,product_13,structured,structured_row:TechNova Tablet Max 13,structured,1
DEC036_A_llama-3.1-8b-instruct,train_kb,conservative_noisy_or_conflict_adjusted,TechNova Tablet Max 13,has_battery_life_hours,14,technova tablet max 13|has_battery_life_hours|14,0.98,product_13,structured,structured_row:TechNova Tablet Max 13,structured,1
DEC036_A_llama-3.1-8b-instruct,train_kb,conservative_noisy_or_conflict_adjusted,TechNova Tablet Max 13,has_weight_kg,0.23,technova tablet max 13|has_weight_kg|0.23,0.98,product_13,structured,structured_row:TechNova Tablet Max 13,structured,1
DEC036_A_llama-3.1-8b-instruct,train_kb,conservative_noisy_or_conflict_adjusted,TechNova Tablet Max 13,has_color,blue,technova tablet max 13|has_color|blue,0.98,product_13,structured,structured_row:TechNova Tablet Max 13,structured,1
DEC036_A_llama-3.1-8b-instruct,train_kb,conservative_noisy_or_conflict_adjusted,TechNova Tablet Max 13,made_of_material,aluminum,technova tablet max 13|made_of_material|aluminum,0.98,product_13,structured,structured_row:TechNova Tablet Max 13,structured,1
DEC036_A_llama-3.1-8b-instruct,train_kb,conservative_noisy_or_conflict_adjusted,TechNova Tablet Max 13,target_market_region,US,technova tablet max 13|target_market_region|us,0.98,product_13,structured,structured_row:TechNova Tablet Max 13,structured,1
DEC036_A_llama-3.1-8b-instruct,train_kb,conservative_noisy_or_conflict_adjusted,TechNova Tablet Max 13,supports_fast_charging,no,technova tablet max 13|supports_fast_charging|no,0.98,product_13,structured,structured_row:TechNova Tablet Max 13,structured,1
DEC036_A_llama-3.1-8b-instruct,train_kb,conservative_noisy_or_conflict_adjusted,TechNova Tablet Max 13,has_noise_cancellation,no,technova tablet max 13|has_noise_cancellation|no,0.98,product_13,structured,structured_row:TechNova Tablet Max 13,structured,1
DEC036_A_llama-3.1-8b-instruct,train_kb,conservative_noisy_or_conflict_adjusted,TechNova Smartwatch Lite 15,manufactured_by,TechNova,technova smartwatch lite 15|manufactured_by|technova,0.98,product_15,structured,structured_row:TechNova Smartwatch Lite 15,structured,1
DEC036_A_llama-3.1-8b-instruct,train_kb,conservative_noisy_or_conflict_adjusted,TechNova Smartwatch Lite 15,belongs_to_category,smartwatch,technova smartwatch lite 15|belongs_to_category|smartwatch,0.98,product_15,structured,structured_row:TechNova Smartwatch Lite 15,structured,1
DEC036_A_llama-3.1-8b-instruct,train_kb,conservative_noisy_or_conflict_adjusted,TechNova Smartwatch Lite 15,has_price_usd,349,technova smartwatch lite 15|has_price_usd|349,0.98,product_15,structured,structured_row:TechNova Smartwatch Lite 15,structured,1
DEC036_A_llama-3.1-8b-instruct,train_kb,conservative_noisy_or_conflict_adjusted,TechNova Smartwatch Lite 15,has_screen_size_inch,6.1,technova smartwatch lite 15|has_screen_size_inch|6.1,0.98,product_15,structured,structured_row:TechNova Smartwatch Lite 15,structured,1
DEC036_A_llama-3.1-8b-instruct,train_kb,conservative_noisy_or_conflict_adjusted,TechNova Smartwatch Lite 15,has_ram_gb,16,technova smartwatch lite 15|has_ram_gb|16,0.98,product_15,structured,structured_row:TechNova Smartwatch Lite 15,structured,1
DEC036_A_llama-3.1-8b-instruct,train_kb,conservative_noisy_or_conflict_adjusted,TechNova Smartwatch Lite 15,has_storage_gb,1024,technova smartwatch lite 15|has_storage_gb|1024,0.98,product_15,structured,structured_row:TechNova Smartwatch Lite 15,structured,1
DEC036_A_llama-3.1-8b-instruct,train_kb,conservative_noisy_or_conflict_adjusted,TechNova Smartwatch Lite 15,has_battery_life_hours,8,technova smartwatch lite 15|has_battery_life_hours|8,0.98,product_15,structured,structured_row:TechNova Smartwatch Lite 15,structured,1
DEC036_A_llama-3.1-8b-instruct,train_kb,conservative_noisy_or_conflict_adjusted,TechNova Smartwatch Lite 15,has_weight_kg,1.45,technova smartwatch lite 15|has_weight_kg|1.45,0.98,product_15,structured,structured_row:TechNova Smartwatch Lite 15,structured,1
DEC036_A_llama-3.1-8b-instruct,train_kb,conservative_noisy_or_conflict_adjusted,TechNova Smartwatch Lite 15,has_color,white,technova smartwatch lite 15|has_color|white,0.98,product_15,structured,structured_row:TechNova Smartwatch Lite 15,structured,1
DEC036_A_llama-3.1-8b-instruct,train_kb,conservative_noisy_or_conflict_adjusted,TechNova Smartwatch Lite 15,made_of_material,aluminum,technova smartwatch lite 15|made_of_material|aluminum,0.98,product_15,structured,structured_row:TechNova Smartwatch Lite 15,structured,1
DEC036_A_llama-3.1-8b-instruct,train_kb,conservative_noisy_or_conflict_adjusted,TechNova Smartwatch Lite 15,target_market_region,US,technova smartwatch lite 15|target_market_region|us,0.98,product_15,structured,structured_row:TechNova Smartwatch Lite 15,structured,1
DEC036_A_llama-3.1-8b-instruct,train_kb,conservative_noisy_or_conflict_adjusted,TechNova Smartwatch Lite 15,supports_fast_charging,no,technova smartwatch lite 15|supports_fast_charging|no,0.98,product_15,structured,structured_row:TechNova Smartwatch Lite 15,structured,1
DEC036_A_llama-3.1-8b-instruct,train_kb,conservative_noisy_or_conflict_adjusted,TechNova Smartwatch Lite 15,has_noise_cancellation,no,technova smartwatch lite 15|has_noise_cancellation|no,0.98,product_15,structured,structured_row:TechNova Smartwatch Lite 15,structured,1
DEC036_A_llama-3.1-8b-instruct,train_kb,conservative_noisy_or_conflict_adjusted,Auralex Smartwatch Max 16,manufactured_by,Auralex,auralex smartwatch max 16|manufactured_by|auralex,0.98,product_16,structured,structured_row:Auralex Smartwatch Max 16,structured,1
DEC036_A_llama-3.1-8b-instruct,train_kb,conservative_noisy_or_conflict_adjusted,Auralex Smartwatch Max 16,belongs_to_category,smartwatch,auralex smartwatch max 16|belongs_to_category|smartwatch,0.98,product_16,structured,structured_row:Auralex Smartwatch Max 16,structured,1
DEC036_A_llama-3.1-8b-instruct,train_kb,conservative_noisy_or_conflict_adjusted,Auralex Smartwatch Max 16,has_price_usd,899,auralex smartwatch max 16|has_price_usd|899,0.98,product_16,structured,structured_row:Auralex Smartwatch Max 16,structured,1
DEC036_A_llama-3.1-8b-instruct,train_kb,conservative_noisy_or_conflict_adjusted,Auralex Smartwatch Max 16,has_screen_size_inch,6.1,auralex smartwatch max 16|has_screen_size_inch|6.1,0.98,product_16,structured,structured_row:Auralex Smartwatch Max 16,structured,1
DEC036_A_llama-3.1-8b-instruct,train_kb,conservative_noisy_or_conflict_adjusted,Auralex Smartwatch Max 16,has_ram_gb,16,auralex smartwatch max 16|has_ram_gb|16,0.98,product_16,structured,structured_row:Auralex Smartwatch Max 16,structured,1
DEC036_A_llama-3.1-8b-instruct,train_kb,conservative_noisy_or_conflict_adjusted,Auralex Smartwatch Max 16,has_storage_gb,128,auralex smartwatch max 16|has_storage_gb|128,0.98,product_16,structured,structured_row:Auralex Smartwatch Max 16,structured,1
DEC036_A_llama-3.1-8b-instruct,train_kb,conservative_noisy_or_conflict_adjusted,Auralex Smartwatch Max 16,has_battery_life_hours,18,auralex smartwatch max 16|has_battery_life_hours|18,0.98,product_16,structured,structured_row:Auralex Smartwatch Max 16,structured,1
DEC036_A_llama-3.1-8b-instruct,train_kb,conservative_noisy_or_conflict_adjusted,Auralex Smartwatch Max 16,has_weight_kg,1.2,auralex smartwatch max 16|has_weight_kg|1.2,0.98,product_16,structured,structured_row:Auralex Smartwatch Max 16,structured,1
DEC036_A_llama-3.1-8b-instruct,train_kb,conservative_noisy_or_conflict_adjusted,Auralex Smartwatch Max 16,has_color,silver,auralex smartwatch max 16|has_color|silver,0.98,product_16,structured,structured_row:Auralex Smartwatch Max 16,structured,1
DEC036_A_llama-3.1-8b-instruct,train_kb,conservative_noisy_or_conflict_adjusted,Auralex Smartwatch Max 16,made_of_material,aluminum,auralex smartwatch max 16|made_of_material|aluminum,0.98,product_16,structured,structured_row:Auralex Smartwatch Max 16,structured,1
DEC036_A_llama-3.1-8b-instruct,train_kb,conservative_noisy_or_conflict_adjusted,Auralex Smartwatch Max 16,target_market_region,EU,auralex smartwatch max 16|target_market_region|eu,0.98,product_16,structured,structured_row:Auralex Smartwatch Max 16,structured,1
DEC036_A_llama-3.1-8b-instruct,train_kb,conservative_noisy_or_conflict_adjusted,Auralex Smartwatch Max 16,supports_fast_charging,yes,auralex smartwatch max 16|supports_fast_charging|yes,0.98,product_16,structured,structured_row:Auralex Smartwatch Max 16,structured,1
DEC036_A_llama-3.1-8b-instruct,train_kb,conservative_noisy_or_conflict_adjusted,Auralex Smartwatch Max 16,has_noise_cancellation,no,auralex smartwatch max 16|has_noise_cancellation|no,0.98,product_16,structured,structured_row:Auralex Smartwatch Max 16,structured,1
DEC036_A_llama-3.1-8b-instruct,train_kb,conservative_noisy_or_conflict_adjusted,It is a smartwatch device,belongs_to_category,smartwatch,it is a smartwatch device|belongs_to_category|smartwatch,0.92,product_16,unstructured,LP=0.921196;LPO=0.953831|It is a smartwatch device. Priced at 899 USD. Offers 128GB of internal storage. Battery lasts up to 18 hours. Available in silver. Built with aluminum construction. Noise cancellation: no.,unstructured,1
DEC036_A_llama-3.1-8b-instruct,train_kb,conservative_noisy_or_conflict_adjusted,It is a smartwatch device,manufactured_by,TechNova,it is a smartwatch device|manufactured_by|technova,0.93,product_16,unstructured,LP=0.877022;LPO=0.472781|It is a smartwatch device. Priced at 899 USD. Offers 128GB of internal storage. Battery lasts up to 18 hours. Available in silver. Built with aluminum construction. Noise cancellation: no.,unstructured,1
DEC036_A_llama-3.1-8b-instruct,train_kb,conservative_noisy_or_conflict_adjusted,Priced at 899 USD,has_price_usd,899,priced at 899 usd|has_price_usd|899,0.94,product_16,unstructured,LP=0.980639;LPO=0.999570|It is a smartwatch device. Priced at 899 USD. Offers 128GB of internal storage. Battery lasts up to 18 hours. Available in silver. Built with aluminum construction. Noise cancellation: no.,unstructured,1
DEC036_A_llama-3.1-8b-instruct,train_kb,conservative_noisy_or_conflict_adjusted,Offers 128GB of internal storage,has_storage_gb,128,offers 128gb of internal storage|has_storage_gb|128,0.95,product_16,unstructured,LP=0.994405;LPO=0.999969|It is a smartwatch device. Priced at 899 USD. Offers 128GB of internal storage. Battery lasts up to 18 hours. Available in silver. Built with aluminum construction. Noise cancellation: no.,unstructured,1
DEC036_A_llama-3.1-8b-instruct,train_kb,conservative_noisy_or_conflict_adjusted,Battery lasts up to 18 hours,has_battery_life_hours,18,battery lasts up to 18 hours|has_battery_life_hours|18,0.96,product_16,unstructured,LP=0.996970;LPO=0.999897|It is a smartwatch device. Priced at 899 USD. Offers 128GB of internal storage. Battery lasts up to 18 hours. Available in silver. Built with aluminum construction. Noise cancellation: no.,unstructured,1
DEC036_A_llama-3.1-8b-instruct,train_kb,conservative_noisy_or_conflict_adjusted,Available in silver,has_color,silver,available in silver|has_color|silver,0.9,product_16,unstructured,LP=0.995536;LPO=0.998900|It is a smartwatch device. Priced at 899 USD. Offers 128GB of internal storage. Battery lasts up to 18 hours. Available in silver. Built with aluminum construction. Noise cancellation: no.,unstructured,1
DEC036_A_llama-3.1-8b-instruct,train_kb,conservative_noisy_or_conflict_adjusted,Built with aluminum construction,made_of_material,aluminum,built with aluminum construction|made_of_material|aluminum,0.91,product_16,unstructured,LP=0.990490;LPO=0.999592|It is a smartwatch device. Priced at 899 USD. Offers 128GB of internal storage. Battery lasts up to 18 hours. Available in silver. Built with aluminum construction. Noise cancellation: no.,unstructured,1
DEC036_A_llama-3.1-8b-instruct,train_kb,conservative_noisy_or_conflict_adjusted,Noise cancellation: no,has_noise_cancellation,no,noise cancellation: no|has_noise_cancellation|no,0.88,product_16,unstructured,LP=0.938504;LPO=0.935807|It is a smartwatch device. Priced at 899 USD. Offers 128GB of internal storage. Battery lasts up to 18 hours. Available in silver. Built with aluminum construction. Noise cancellation: no.,unstructured,1
DEC036_A_llama-3.1-8b-instruct,train_kb,conservative_noisy_or_conflict_adjusted,TechNova Laptop Air 17,manufactured_by,TechNova,technova laptop air 17|manufactured_by|technova,0.98,product_17,structured,structured_row:TechNova Laptop Air 17,structured,1
DEC036_A_llama-3.1-8b-instruct,train_kb,conservative_noisy_or_conflict_adjusted,TechNova Laptop Air 17,belongs_to_category,laptop,technova laptop air 17|belongs_to_category|laptop,0.98,product_17,structured,structured_row:TechNova Laptop Air 17,structured,1
DEC036_A_llama-3.1-8b-instruct,train_kb,conservative_noisy_or_conflict_adjusted,TechNova Laptop Air 17,has_price_usd,299,technova laptop air 17|has_price_usd|299,0.98,product_17,structured,structured_row:TechNova Laptop Air 17,structured,1
DEC036_A_llama-3.1-8b-instruct,train_kb,conservative_noisy_or_conflict_adjusted,TechNova Laptop Air 17,has_screen_size_inch,14.0,technova laptop air 17|has_screen_size_inch|14.0,0.98,product_17,structured,structured_row:TechNova Laptop Air 17,structured,1
DEC036_A_llama-3.1-8b-instruct,train_kb,conservative_noisy_or_conflict_adjusted,TechNova Laptop Air 17,has_ram_gb,32,technova laptop air 17|has_ram_gb|32,0.98,product_17,structured,structured_row:TechNova Laptop Air 17,structured,1
DEC036_A_llama-3.1-8b-instruct,train_kb,conservative_noisy_or_conflict_adjusted,TechNova Laptop Air 17,has_storage_gb,256,technova laptop air 17|has_storage_gb|256,0.98,product_17,structured,structured_row:TechNova Laptop Air 17,structured,1
DEC036_A_llama-3.1-8b-instruct,train_kb,conservative_noisy_or_conflict_adjusted,TechNova Laptop Air 17,has_battery_life_hours,14,technova laptop air 17|has_battery_life_hours|14,0.98,product_17,structured,structured_row:TechNova Laptop Air 17,structured,1
DEC036_A_llama-3.1-8b-instruct,train_kb,conservative_noisy_or_conflict_adjusted,TechNova Laptop Air 17,has_weight_kg,0.42,technova laptop air 17|has_weight_kg|0.42,0.98,product_17,structured,structured_row:TechNova Laptop Air 17,structured,1
DEC036_A_llama-3.1-8b-instruct,train_kb,conservative_noisy_or_conflict_adjusted,TechNova Laptop Air 17,has_color,blue,technova laptop air 17|has_color|blue,0.98,product_17,structured,structured_row:TechNova Laptop Air 17,structured,1
DEC036_A_llama-3.1-8b-instruct,train_kb,conservative_noisy_or_conflict_adjusted,TechNova Laptop Air 17,made_of_material,aluminum,technova laptop air 17|made_of_material|aluminum,0.98,product_17,structured,structured_row:TechNova Laptop Air 17,structured,1
DEC036_A_llama-3.1-8b-instruct,train_kb,conservative_noisy_or_conflict_adjusted,TechNova Laptop Air 17,target_market_region,APAC,technova laptop air 17|target_market_region|apac,0.98,product_17,structured,structured_row:TechNova Laptop Air 17,structured,1
DEC036_A_llama-3.1-8b-instruct,train_kb,conservative_noisy_or_conflict_adjusted,TechNova Laptop Air 17,supports_fast_charging,yes,technova laptop air 17|supports_fast_charging|yes,0.98,product_17,structured,structured_row:TechNova Laptop Air 17,structured,1
DEC036_A_llama-3.1-8b-instruct,train_kb,conservative_noisy_or_conflict_adjusted,TechNova Laptop Air 17,has_noise_cancellation,no,technova laptop air 17|has_noise_cancellation|no,0.98,product_17,structured,structured_row:TechNova Laptop Air 17,structured,1
DEC036_A_llama-3.1-8b-instruct,train_kb,conservative_noisy_or_conflict_adjusted,Zenbyte Laptop Pro 18,manufactured_by,Zenbyte,zenbyte laptop pro 18|manufactured_by|zenbyte,0.98,product_18,structured,structured_row:Zenbyte Laptop Pro 18,structured,1
DEC036_A_llama-3.1-8b-instruct,train_kb,conservative_noisy_or_conflict_adjusted,Zenbyte Laptop Pro 18,belongs_to_category,laptop,zenbyte laptop pro 18|belongs_to_category|laptop,0.98,product_18,structured,structured_row:Zenbyte Laptop Pro 18,structured,1
DEC036_A_llama-3.1-8b-instruct,train_kb,conservative_noisy_or_conflict_adjusted,Zenbyte Laptop Pro 18,has_price_usd,349,zenbyte laptop pro 18|has_price_usd|349,0.98,product_18,structured,structured_row:Zenbyte Laptop Pro 18,structured,1
DEC036_A_llama-3.1-8b-instruct,train_kb,conservative_noisy_or_conflict_adjusted,Zenbyte Laptop Pro 18,has_screen_size_inch,10.9,zenbyte laptop pro 18|has_screen_size_inch|10.9,0.98,product_18,structured,structured_row:Zenbyte Laptop Pro 18,structured,1
DEC036_A_llama-3.1-8b-instruct,train_kb,conservative_noisy_or_conflict_adjusted,Zenbyte Laptop Pro 18,has_ram_gb,8,zenbyte laptop pro 18|has_ram_gb|8,0.98,product_18,structured,structured_row:Zenbyte Laptop Pro 18,structured,1
DEC036_A_llama-3.1-8b-instruct,train_kb,conservative_noisy_or_conflict_adjusted,Zenbyte Laptop Pro 18,has_storage_gb,128,zenbyte laptop pro 18|has_storage_gb|128,0.98,product_18,structured,structured_row:Zenbyte Laptop Pro 18,structured,1
DEC036_A_llama-3.1-8b-instruct,train_kb,conservative_noisy_or_conflict_adjusted,Zenbyte Laptop Pro 18,has_battery_life_hours,14,zenbyte laptop pro 18|has_battery_life_hours|14,0.98,product_18,structured,structured_row:Zenbyte Laptop Pro 18,structured,1
DEC036_A_llama-3.1-8b-instruct,train_kb,conservative_noisy_or_conflict_adjusted,Zenbyte Laptop Pro 18,has_weight_kg,1.8,zenbyte laptop pro 18|has_weight_kg|1.8,0.98,product_18,structured,structured_row:Zenbyte Laptop Pro 18,structured,1
DEC036_A_llama-3.1-8b-instruct,train_kb,conservative_noisy_or_conflict_adjusted,Zenbyte Laptop Pro 18,has_color,blue,zenbyte laptop pro 18|has_color|blue,0.98,product_18,structured,structured_row:Zenbyte Laptop Pro 18,structured,1
DEC036_A_llama-3.1-8b-instruct,train_kb,conservative_noisy_or_conflict_adjusted,Zenbyte Laptop Pro 18,made_of_material,aluminum,zenbyte laptop pro 18|made_of_material|aluminum,0.98,product_18,structured,structured_row:Zenbyte Laptop Pro 18,structured,1
DEC036_A_llama-3.1-8b-instruct,train_kb,conservative_noisy_or_conflict_adjusted,Zenbyte Laptop Pro 18,target_market_region,APAC,zenbyte laptop pro 18|target_market_region|apac,0.98,product_18,structured,structured_row:Zenbyte Laptop Pro 18,structured,1
DEC036_A_llama-3.1-8b-instruct,train_kb,conservative_noisy_or_conflict_adjusted,Zenbyte Laptop Pro 18,supports_fast_charging,no,zenbyte laptop pro 18|supports_fast_charging|no,0.98,product_18,structured,structured_row:Zenbyte Laptop Pro 18,structured,1
DEC036_A_llama-3.1-8b-instruct,train_kb,conservative_noisy_or_conflict_adjusted,Zenbyte Laptop Pro 18,has_noise_cancellation,no,zenbyte laptop pro 18|has_noise_cancellation|no,0.98,product_18,structured,structured_row:Zenbyte Laptop Pro 18,structured,1
DEC036_A_llama-3.1-8b-instruct,train_kb,conservative_noisy_or_conflict_adjusted,Zenbyte Laptop Pro 18,manufactured_by,Zenbyte,zenbyte laptop pro 18|manufactured_by|zenbyte,0.95,product_18,unstructured,LP=0.967780;LPO=0.999910|Zenbyte Laptop Pro 18 is manufactured by Zenbyte. Comes with 8GB of RAM. Offers 128GB of internal storage. Available in blue. Built with aluminum construction. Targeted at the APAC market. Fast charging is no.,unstructured,1
DEC036_A_llama-3.1-8b-instruct,train_kb,conservative_noisy_or_conflict_adjusted,Zenbyte Laptop Pro 18,has_ram_gb,8,zenbyte laptop pro 18|has_ram_gb|8,0.91,product_18,unstructured,LP=0.989507;LPO=0.999981|Zenbyte Laptop Pro 18 is manufactured by Zenbyte. Comes with 8GB of RAM. Offers 128GB of internal storage. Available in blue. Built with aluminum construction. Targeted at the APAC market. Fast charging is no.,unstructured,1
DEC036_A_llama-3.1-8b-instruct,train_kb,conservative_noisy_or_conflict_adjusted,Zenbyte Laptop Pro 18,has_storage_gb,128,zenbyte laptop pro 18|has_storage_gb|128,0.92,product_18,unstructured,LP=0.999849;LPO=0.999997|Zenbyte Laptop Pro 18 is manufactured by Zenbyte. Comes with 8GB of RAM. Offers 128GB of internal storage. Available in blue. Built with aluminum construction. Targeted at the APAC market. Fast charging is no.,unstructured,1
DEC036_A_llama-3.1-8b-instruct,train_kb,conservative_noisy_or_conflict_adjusted,Zenbyte Laptop Pro 18,has_color,blue,zenbyte laptop pro 18|has_color|blue,0.9,product_18,unstructured,LP=0.997092;LPO=0.999547|Zenbyte Laptop Pro 18 is manufactured by Zenbyte. Comes with 8GB of RAM. Offers 128GB of internal storage. Available in blue. Built with aluminum construction. Targeted at the APAC market. Fast charging is no.,unstructured,1
DEC036_A_llama-3.1-8b-instruct,train_kb,conservative_noisy_or_conflict_adjusted,Zenbyte Laptop Pro 18,made_of_material,aluminum,zenbyte laptop pro 18|made_of_material|aluminum,0.88,product_18,unstructured,LP=0.999887;LPO=0.999886|Zenbyte Laptop Pro 18 is manufactured by Zenbyte. Comes with 8GB of RAM. Offers 128GB of internal storage. Available in blue. Built with aluminum construction. Targeted at the APAC market. Fast charging is no.,unstructured,1
DEC036_A_llama-3.1-8b-instruct,train_kb,conservative_noisy_or_conflict_adjusted,Zenbyte Laptop Pro 18,target_market_region,APAC,zenbyte laptop pro 18|target_market_region|apac,0.89,product_18,unstructured,LP=0.999781;LPO=0.998353|Zenbyte Laptop Pro 18 is manufactured by Zenbyte. Comes with 8GB of RAM. Offers 128GB of internal storage. Available in blue. Built with aluminum construction. Targeted at the APAC market. Fast charging is no.,unstructured,1
DEC036_A_llama-3.1-8b-instruct,train_kb,conservative_noisy_or_conflict_adjusted,Zenbyte Laptop Pro 18,supports_fast_charging,no,zenbyte laptop pro 18|supports_fast_charging|no,0.85,product_18,unstructured,LP=0.984570;LPO=0.843872|Zenbyte Laptop Pro 18 is manufactured by Zenbyte. Comes with 8GB of RAM. Offers 128GB of internal storage. Available in blue. Built with aluminum construction. Targeted at the APAC market. Fast charging is no.,unstructured,1
DEC036_A_llama-3.1-8b-instruct,train_kb,conservative_noisy_or_conflict_adjusted,PixelWare Smartphone Plus 19,manufactured_by,PixelWare,pixelware smartphone plus 19|manufactured_by|pixelware,0.98,product_19,structured,structured_row:PixelWare Smartphone Plus 19,structured,1
DEC036_A_llama-3.1-8b-instruct,train_kb,conservative_noisy_or_conflict_adjusted,PixelWare Smartphone Plus 19,belongs_to_category,smartphone,pixelware smartphone plus 19|belongs_to_category|smartphone,0.98,product_19,structured,structured_row:PixelWare Smartphone Plus 19,structured,1
DEC036_A_llama-3.1-8b-instruct,train_kb,conservative_noisy_or_conflict_adjusted,PixelWare Smartphone Plus 19,has_price_usd,299,pixelware smartphone plus 19|has_price_usd|299,0.98,product_19,structured,structured_row:PixelWare Smartphone Plus 19,structured,1
DEC036_A_llama-3.1-8b-instruct,train_kb,conservative_noisy_or_conflict_adjusted,PixelWare Smartphone Plus 19,has_screen_size_inch,10.9,pixelware smartphone plus 19|has_screen_size_inch|10.9,0.98,product_19,structured,structured_row:PixelWare Smartphone Plus 19,structured,1
DEC036_A_llama-3.1-8b-instruct,train_kb,conservative_noisy_or_conflict_adjusted,PixelWare Smartphone Plus 19,has_ram_gb,8,pixelware smartphone plus 19|has_ram_gb|8,0.98,product_19,structured,structured_row:PixelWare Smartphone Plus 19,structured,1
DEC036_A_llama-3.1-8b-instruct,train_kb,conservative_noisy_or_conflict_adjusted,PixelWare Smartphone Plus 19,has_storage_gb,1024,pixelware smartphone plus 19|has_storage_gb|1024,0.98,product_19,structured,structured_row:PixelWare Smartphone Plus 19,structured,1
DEC036_A_llama-3.1-8b-instruct,train_kb,conservative_noisy_or_conflict_adjusted,PixelWare Smartphone Plus 19,has_battery_life_hours,10,pixelware smartphone plus 19|has_battery_life_hours|10,0.98,product_19,structured,structured_row:PixelWare Smartphone Plus 19,structured,1
DEC036_A_llama-3.1-8b-instruct,train_kb,conservative_noisy_or_conflict_adjusted,PixelWare Smartphone Plus 19,has_weight_kg,1.45,pixelware smartphone plus 19|has_weight_kg|1.45,0.98,product_19,structured,structured_row:PixelWare Smartphone Plus 19,structured,1
DEC036_A_llama-3.1-8b-instruct,train_kb,conservative_noisy_or_conflict_adjusted,PixelWare Smartphone Plus 19,has_color,blue,pixelware smartphone plus 19|has_color|blue,0.98,product_19,structured,structured_row:PixelWare Smartphone Plus 19,structured,1
DEC036_A_llama-3.1-8b-instruct,train_kb,conservative_noisy_or_conflict_adjusted,PixelWare Smartphone Plus 19,made_of_material,aluminum,pixelware smartphone plus 19|made_of_material|aluminum,0.98,product_19,structured,structured_row:PixelWare Smartphone Plus 19,structured,1
DEC036_A_llama-3.1-8b-instruct,train_kb,conservative_noisy_or_conflict_adjusted,PixelWare Smartphone Plus 19,target_market_region,EU,pixelware smartphone plus 19|target_market_region|eu,0.98,product_19,structured,structured_row:PixelWare Smartphone Plus 19,structured,1
DEC036_A_llama-3.1-8b-instruct,train_kb,conservative_noisy_or_conflict_adjusted,PixelWare Smartphone Plus 19,supports_fast_charging,no,pixelware smartphone plus 19|supports_fast_charging|no,0.98,product_19,structured,structured_row:PixelWare Smartphone Plus 19,structured,1
DEC036_A_llama-3.1-8b-instruct,train_kb,conservative_noisy_or_conflict_adjusted,PixelWare Smartphone Plus 19,has_noise_cancellation,no,pixelware smartphone plus 19|has_noise_cancellation|no,0.98,product_19,structured,structured_row:PixelWare Smartphone Plus 19,structured,1
DEC036_A_llama-3.1-8b-instruct,train_kb,conservative_noisy_or_conflict_adjusted,TechNova Smartphone Pro 1,has_price_usd,299,technova smartphone pro 1|has_price_usd|299,0.91,product_19,unstructured,LP=0.966341;LPO=0.999650|Priced at 299 USD. The display measures 10.9 inches. Comes with 8GB of RAM. Weighs approximately 1.45kg. Available in blue. Targeted at the EU market. Fast charging is no.,unstructured,1
DEC036_A_llama-3.1-8b-instruct,train_kb,conservative_noisy_or_conflict_adjusted,TechNova Smartphone Pro 1,has_screen_size_inch,10.9,technova smartphone pro 1|has_screen_size_inch|10.9,0.91,product_19,unstructured,LP=0.998859;LPO=0.999594|Priced at 299 USD. The display measures 10.9 inches. Comes with 8GB of RAM. Weighs approximately 1.45kg. Available in blue. Targeted at the EU market. Fast charging is no.,unstructured,1
DEC036_A_llama-3.1-8b-instruct,train_kb,conservative_noisy_or_conflict_adjusted,TechNova Smartphone Pro 1,has_ram_gb,8,technova smartphone pro 1|has_ram_gb|8,0.91,product_19,unstructured,LP=0.999479;LPO=0.999999|Priced at 299 USD. The display measures 10.9 inches. Comes with 8GB of RAM. Weighs approximately 1.45kg. Available in blue. Targeted at the EU market. Fast charging is no.,unstructured,1
DEC036_A_llama-3.1-8b-instruct,train_kb,conservative_noisy_or_conflict_adjusted,TechNova Smartphone Pro 1,has_weight_kg,1.45,technova smartphone pro 1|has_weight_kg|1.45,0.91,product_19,unstructured,LP=0.999685;LPO=0.999936|Priced at 299 USD. The display measures 10.9 inches. Comes with 8GB of RAM. Weighs approximately 1.45kg. Available in blue. Targeted at the EU market. Fast charging is no.,unstructured,1
DEC036_A_llama-3.1-8b-instruct,train_kb,conservative_noisy_or_conflict_adjusted,TechNova Smartphone Pro 1,has_color,blue,technova smartphone pro 1|has_color|blue,0.91,product_19,unstructured,LP=0.999194;LPO=0.999584|Priced at 299 USD. The display measures 10.9 inches. Comes with 8GB of RAM. Weighs approximately 1.45kg. Available in blue. Targeted at the EU market. Fast charging is no.,unstructured,1
DEC036_A_llama-3.1-8b-instruct,train_kb,conservative_noisy_or_conflict_adjusted,TechNova Smartphone Pro 1,target_market_region,EU,technova smartphone pro 1|target_market_region|eu,0.91,product_19,unstructured,LP=0.990728;LPO=0.922473|Priced at 299 USD. The display measures 10.9 inches. Comes with 8GB of RAM. Weighs approximately 1.45kg. Available in blue. Targeted at the EU market. Fast charging is no.,unstructured,1
DEC036_A_llama-3.1-8b-instruct,train_kb,conservative_noisy_or_conflict_adjusted,TechNova Smartphone Pro 1,supports_fast_charging,no,technova smartphone pro 1|supports_fast_charging|no,0.91,product_19,unstructured,LP=0.990797;LPO=0.904830|Priced at 299 USD. The display measures 10.9 inches. Comes with 8GB of RAM. Weighs approximately 1.45kg. Available in blue. Targeted at the EU market. Fast charging is no.,unstructured,1
DEC036_A_llama-3.1-8b-instruct,train_kb,conservative_noisy_or_conflict_adjusted,Auralex Smartphone Pro 20,manufactured_by,Auralex,auralex smartphone pro 20|manufactured_by|auralex,0.98,product_20,structured,structured_row:Auralex Smartphone Pro 20,structured,1
DEC036_A_llama-3.1-8b-instruct,train_kb,conservative_noisy_or_conflict_adjusted,Auralex Smartphone Pro 20,belongs_to_category,smartphone,auralex smartphone pro 20|belongs_to_category|smartphone,0.98,product_20,structured,structured_row:Auralex Smartphone Pro 20,structured,1
DEC036_A_llama-3.1-8b-instruct,train_kb,conservative_noisy_or_conflict_adjusted,Auralex Smartphone Pro 20,has_price_usd,699,auralex smartphone pro 20|has_price_usd|699,0.98,product_20,structured,structured_row:Auralex Smartphone Pro 20,structured,1
DEC036_A_llama-3.1-8b-instruct,train_kb,conservative_noisy_or_conflict_adjusted,Auralex Smartphone Pro 20,has_screen_size_inch,15.6,auralex smartphone pro 20|has_screen_size_inch|15.6,0.98,product_20,structured,structured_row:Auralex Smartphone Pro 20,structured,1
DEC036_A_llama-3.1-8b-instruct,train_kb,conservative_noisy_or_conflict_adjusted,Auralex Smartphone Pro 20,has_ram_gb,6,auralex smartphone pro 20|has_ram_gb|6,0.98,product_20,structured,structured_row:Auralex Smartphone Pro 20,structured,1
DEC036_A_llama-3.1-8b-instruct,train_kb,conservative_noisy_or_conflict_adjusted,Auralex Smartphone Pro 20,has_storage_gb,256,auralex smartphone pro 20|has_storage_gb|256,0.98,product_20,structured,structured_row:Auralex Smartphone Pro 20,structured,1
DEC036_A_llama-3.1-8b-instruct,train_kb,conservative_noisy_or_conflict_adjusted,Auralex Smartphone Pro 20,has_battery_life_hours,10,auralex smartphone pro 20|has_battery_life_hours|10,0.98,product_20,structured,structured_row:Auralex Smartphone Pro 20,structured,1
DEC036_A_llama-3.1-8b-instruct,train_kb,conservative_noisy_or_conflict_adjusted,Auralex Smartphone Pro 20,has_weight_kg,1.45,auralex smartphone pro 20|has_weight_kg|1.45,0.98,product_20,structured,structured_row:Auralex Smartphone Pro 20,structured,1
DEC036_A_llama-3.1-8b-instruct,train_kb,conservative_noisy_or_conflict_adjusted,Auralex Smartphone Pro 20,has_color,white,auralex smartphone pro 20|has_color|white,0.98,product_20,structured,structured_row:Auralex Smartphone Pro 20,structured,1
DEC036_A_llama-3.1-8b-instruct,train_kb,conservative_noisy_or_conflict_adjusted,Auralex Smartphone Pro 20,made_of_material,plastic,auralex smartphone pro 20|made_of_material|plastic,0.98,product_20,structured,structured_row:Auralex Smartphone Pro 20,structured,1
DEC036_A_llama-3.1-8b-instruct,train_kb,conservative_noisy_or_conflict_adjusted,Auralex Smartphone Pro 20,target_market_region,EU,auralex smartphone pro 20|target_market_region|eu,0.98,product_20,structured,structured_row:Auralex Smartphone Pro 20,structured,1
DEC036_A_llama-3.1-8b-instruct,train_kb,conservative_noisy_or_conflict_adjusted,Auralex Smartphone Pro 20,supports_fast_charging,no,auralex smartphone pro 20|supports_fast_charging|no,0.98,product_20,structured,structured_row:Auralex Smartphone Pro 20,structured,1
DEC036_A_llama-3.1-8b-instruct,train_kb,conservative_noisy_or_conflict_adjusted,Auralex Smartphone Pro 20,has_noise_cancellation,no,auralex smartphone pro 20|has_noise_cancellation|no,0.98,product_20,structured,structured_row:Auralex Smartphone Pro 20,structured,1
DEC036_A_llama-3.1-8b-instruct,train_kb,conservative_noisy_or_conflict_adjusted,Auralex Smartphone Pro 20,manufactured_by,Auralex,auralex smartphone pro 20|manufactured_by|auralex,0.95,product_20,unstructured,LP=0.988043;LPO=0.999928|Auralex Smartphone Pro 20 is manufactured by Auralex. It is a smartphone device. Battery lasts up to 10 hours. Available in white. Built with plastic construction. Fast charging is no. Noise cancellation: no.,unstructured,1
DEC036_A_llama-3.1-8b-instruct,train_kb,conservative_noisy_or_conflict_adjusted,Auralex Smartphone Pro 20,belongs_to_category,smartphone device,auralex smartphone pro 20|belongs_to_category|smartphone device,0.92,product_20,unstructured,LP=0.900656;LPO=0.526135|Auralex Smartphone Pro 20 is manufactured by Auralex. It is a smartphone device. Battery lasts up to 10 hours. Available in white. Built with plastic construction. Fast charging is no. Noise cancellation: no.,unstructured,1
DEC036_A_llama-3.1-8b-instruct,train_kb,conservative_noisy_or_conflict_adjusted,Auralex Smartphone Pro 20,has_battery_life_hours,10,auralex smartphone pro 20|has_battery_life_hours|10,0.93,product_20,unstructured,LP=0.998210;LPO=0.987303|Auralex Smartphone Pro 20 is manufactured by Auralex. It is a smartphone device. Battery lasts up to 10 hours. Available in white. Built with plastic construction. Fast charging is no. Noise cancellation: no.,unstructured,1
DEC036_A_llama-3.1-8b-instruct,train_kb,conservative_noisy_or_conflict_adjusted,Auralex Smartphone Pro 20,has_color,white,auralex smartphone pro 20|has_color|white,0.94,product_20,unstructured,LP=0.939456;LPO=0.999672|Auralex Smartphone Pro 20 is manufactured by Auralex. It is a smartphone device. Battery lasts up to 10 hours. Available in white. Built with plastic construction. Fast charging is no. Noise cancellation: no.,unstructured,1
DEC036_A_llama-3.1-8b-instruct,train_kb,conservative_noisy_or_conflict_adjusted,Auralex Smartphone Pro 20,made_of_material,plastic construction,auralex smartphone pro 20|made_of_material|plastic construction,0.9,product_20,unstructured,LP=0.956566;LPO=0.590104|Auralex Smartphone Pro 20 is manufactured by Auralex. It is a smartphone device. Battery lasts up to 10 hours. Available in white. Built with plastic construction. Fast charging is no. Noise cancellation: no.,unstructured,1
DEC036_A_llama-3.1-8b-instruct,train_kb,conservative_noisy_or_conflict_adjusted,VoltEdge Smartwatch Max 22,manufactured_by,VoltEdge,voltedge smartwatch max 22|manufactured_by|voltedge,0.98,product_22,structured,structured_row:VoltEdge Smartwatch Max 22,structured,1
DEC036_A_llama-3.1-8b-instruct,train_kb,conservative_noisy_or_conflict_adjusted,VoltEdge Smartwatch Max 22,belongs_to_category,smartwatch,voltedge smartwatch max 22|belongs_to_category|smartwatch,0.98,product_22,structured,structured_row:VoltEdge Smartwatch Max 22,structured,1
DEC036_A_llama-3.1-8b-instruct,train_kb,conservative_noisy_or_conflict_adjusted,VoltEdge Smartwatch Max 22,has_price_usd,299,voltedge smartwatch max 22|has_price_usd|299,0.98,product_22,structured,structured_row:VoltEdge Smartwatch Max 22,structured,1
DEC036_A_llama-3.1-8b-instruct,train_kb,conservative_noisy_or_conflict_adjusted,VoltEdge Smartwatch Max 22,has_screen_size_inch,15.6,voltedge smartwatch max 22|has_screen_size_inch|15.6,0.98,product_22,structured,structured_row:VoltEdge Smartwatch Max 22,structured,1
DEC036_A_llama-3.1-8b-instruct,train_kb,conservative_noisy_or_conflict_adjusted,VoltEdge Smartwatch Max 22,has_ram_gb,6,voltedge smartwatch max 22|has_ram_gb|6,0.98,product_22,structured,structured_row:VoltEdge Smartwatch Max 22,structured,1
DEC036_A_llama-3.1-8b-instruct,train_kb,conservative_noisy_or_conflict_adjusted,VoltEdge Smartwatch Max 22,has_storage_gb,512,voltedge smartwatch max 22|has_storage_gb|512,0.98,product_22,structured,structured_row:VoltEdge Smartwatch Max 22,structured,1
DEC036_A_llama-3.1-8b-instruct,train_kb,conservative_noisy_or_conflict_adjusted,VoltEdge Smartwatch Max 22,has_battery_life_hours,8,voltedge smartwatch max 22|has_battery_life_hours|8,0.98,product_22,structured,structured_row:VoltEdge Smartwatch Max 22,structured,1
DEC036_A_llama-3.1-8b-instruct,train_kb,conservative_noisy_or_conflict_adjusted,VoltEdge Smartwatch Max 22,has_weight_kg,0.23,voltedge smartwatch max 22|has_weight_kg|0.23,0.98,product_22,structured,structured_row:VoltEdge Smartwatch Max 22,structured,1
DEC036_A_llama-3.1-8b-instruct,train_kb,conservative_noisy_or_conflict_adjusted,VoltEdge Smartwatch Max 22,has_color,green,voltedge smartwatch max 22|has_color|green,0.98,product_22,structured,structured_row:VoltEdge Smartwatch Max 22,structured,1
DEC036_A_llama-3.1-8b-instruct,train_kb,conservative_noisy_or_conflict_adjusted,VoltEdge Smartwatch Max 22,made_of_material,carbon fiber,voltedge smartwatch max 22|made_of_material|carbon fiber,0.98,product_22,structured,structured_row:VoltEdge Smartwatch Max 22,structured,1
DEC036_A_llama-3.1-8b-instruct,train_kb,conservative_noisy_or_conflict_adjusted,VoltEdge Smartwatch Max 22,target_market_region,US,voltedge smartwatch max 22|target_market_region|us,0.98,product_22,structured,structured_row:VoltEdge Smartwatch Max 22,structured,1
DEC036_A_llama-3.1-8b-instruct,train_kb,conservative_noisy_or_conflict_adjusted,VoltEdge Smartwatch Max 22,supports_fast_charging,no,voltedge smartwatch max 22|supports_fast_charging|no,0.98,product_22,structured,structured_row:VoltEdge Smartwatch Max 22,structured,1
DEC036_A_llama-3.1-8b-instruct,train_kb,conservative_noisy_or_conflict_adjusted,VoltEdge Smartwatch Max 22,has_noise_cancellation,no,voltedge smartwatch max 22|has_noise_cancellation|no,0.98,product_22,structured,structured_row:VoltEdge Smartwatch Max 22,structured,1
DEC036_A_llama-3.1-8b-instruct,train_kb,conservative_noisy_or_conflict_adjusted,TechNova Smartphone Pro 1,has_price_usd,299,technova smartphone pro 1|has_price_usd|299,0.91,product_22,unstructured,LP=0.963322;LPO=0.998368|Priced at 299 USD. The display measures 15.6 inches. Comes with 6GB of RAM. Battery lasts up to 8 hours. Targeted at the US market. Fast charging is no. Noise cancellation: no.,unstructured,1
DEC036_A_llama-3.1-8b-instruct,train_kb,conservative_noisy_or_conflict_adjusted,TechNova Smartphone Pro 1,has_screen_size_inch,15.6,technova smartphone pro 1|has_screen_size_inch|15.6,0.91,product_22,unstructured,LP=0.998995;LPO=0.999014|Priced at 299 USD. The display measures 15.6 inches. Comes with 6GB of RAM. Battery lasts up to 8 hours. Targeted at the US market. Fast charging is no. Noise cancellation: no.,unstructured,1
DEC036_A_llama-3.1-8b-instruct,train_kb,conservative_noisy_or_conflict_adjusted,TechNova Smartphone Pro 1,has_ram_gb,6,technova smartphone pro 1|has_ram_gb|6,0.91,product_22,unstructured,LP=0.998898;LPO=0.991204|Priced at 299 USD. The display measures 15.6 inches. Comes with 6GB of RAM. Battery lasts up to 8 hours. Targeted at the US market. Fast charging is no. Noise cancellation: no.,unstructured,1
DEC036_A_llama-3.1-8b-instruct,train_kb,conservative_noisy_or_conflict_adjusted,TechNova Smartphone Pro 1,has_battery_life_hours,8,technova smartphone pro 1|has_battery_life_hours|8,0.91,product_22,unstructured,LP=0.999740;LPO=0.998891|Priced at 299 USD. The display measures 15.6 inches. Comes with 6GB of RAM. Battery lasts up to 8 hours. Targeted at the US market. Fast charging is no. Noise cancellation: no.,unstructured,1
DEC036_A_llama-3.1-8b-instruct,train_kb,conservative_noisy_or_conflict_adjusted,TechNova Smartphone Pro 1,target_market_region,US,technova smartphone pro 1|target_market_region|us,0.91,product_22,unstructured,LP=0.996395;LPO=0.978019|Priced at 299 USD. The display measures 15.6 inches. Comes with 6GB of RAM. Battery lasts up to 8 hours. Targeted at the US market. Fast charging is no. Noise cancellation: no.,unstructured,1
DEC036_A_llama-3.1-8b-instruct,train_kb,conservative_noisy_or_conflict_adjusted,TechNova Smartphone Pro 1,supports_fast_charging,no,technova smartphone pro 1|supports_fast_charging|no,0.91,product_22,unstructured,LP=0.992834;LPO=0.926560|Priced at 299 USD. The display measures 15.6 inches. Comes with 6GB of RAM. Battery lasts up to 8 hours. Targeted at the US market. Fast charging is no. Noise cancellation: no.,unstructured,1
DEC036_A_llama-3.1-8b-instruct,train_kb,conservative_noisy_or_conflict_adjusted,TechNova Smartphone Pro 1,has_noise_cancellation,no,technova smartphone pro 1|has_noise_cancellation|no,0.91,product_22,unstructured,LP=0.999919;LPO=0.999912|Priced at 299 USD. The display measures 15.6 inches. Comes with 6GB of RAM. Battery lasts up to 8 hours. Targeted at the US market. Fast charging is no. Noise cancellation: no.,unstructured,1
DEC036_A_llama-3.1-8b-instruct,train_kb,conservative_noisy_or_conflict_adjusted,VoltEdge Smartphone Max 23,manufactured_by,VoltEdge,voltedge smartphone max 23|manufactured_by|voltedge,0.98,product_23,structured,structured_row:VoltEdge Smartphone Max 23,structured,1
DEC036_A_llama-3.1-8b-instruct,train_kb,conservative_noisy_or_conflict_adjusted,VoltEdge Smartphone Max 23,belongs_to_category,smartphone,voltedge smartphone max 23|belongs_to_category|smartphone,0.98,product_23,structured,structured_row:VoltEdge Smartphone Max 23,structured,1
DEC036_A_llama-3.1-8b-instruct,train_kb,conservative_noisy_or_conflict_adjusted,VoltEdge Smartphone Max 23,has_price_usd,1099,voltedge smartphone max 23|has_price_usd|1099,0.98,product_23,structured,structured_row:VoltEdge Smartphone Max 23,structured,1
DEC036_A_llama-3.1-8b-instruct,train_kb,conservative_noisy_or_conflict_adjusted,VoltEdge Smartphone Max 23,has_screen_size_inch,10.9,voltedge smartphone max 23|has_screen_size_inch|10.9,0.98,product_23,structured,structured_row:VoltEdge Smartphone Max 23,structured,1
DEC036_A_llama-3.1-8b-instruct,train_kb,conservative_noisy_or_conflict_adjusted,VoltEdge Smartphone Max 23,has_ram_gb,8,voltedge smartphone max 23|has_ram_gb|8,0.98,product_23,structured,structured_row:VoltEdge Smartphone Max 23,structured,1
DEC036_A_llama-3.1-8b-instruct,train_kb,conservative_noisy_or_conflict_adjusted,VoltEdge Smartphone Max 23,has_storage_gb,128,voltedge smartphone max 23|has_storage_gb|128,0.98,product_23,structured,structured_row:VoltEdge Smartphone Max 23,structured,1
DEC036_A_llama-3.1-8b-instruct,train_kb,conservative_noisy_or_conflict_adjusted,VoltEdge Smartphone Max 23,has_battery_life_hours,10,voltedge smartphone max 23|has_battery_life_hours|10,0.98,product_23,structured,structured_row:VoltEdge Smartphone Max 23,structured,1
DEC036_A_llama-3.1-8b-instruct,train_kb,conservative_noisy_or_conflict_adjusted,VoltEdge Smartphone Max 23,has_weight_kg,0.18,voltedge smartphone max 23|has_weight_kg|0.18,0.98,product_23,structured,structured_row:VoltEdge Smartphone Max 23,structured,1
DEC036_A_llama-3.1-8b-instruct,train_kb,conservative_noisy_or_conflict_adjusted,VoltEdge Smartphone Max 23,has_color,black,voltedge smartphone max 23|has_color|black,0.98,product_23,structured,structured_row:VoltEdge Smartphone Max 23,structured,1
DEC036_A_llama-3.1-8b-instruct,train_kb,conservative_noisy_or_conflict_adjusted,VoltEdge Smartphone Max 23,made_of_material,plastic,voltedge smartphone max 23|made_of_material|plastic,0.98,product_23,structured,structured_row:VoltEdge Smartphone Max 23,structured,1
DEC036_A_llama-3.1-8b-instruct,train_kb,conservative_noisy_or_conflict_adjusted,VoltEdge Smartphone Max 23,target_market_region,US,voltedge smartphone max 23|target_market_region|us,0.98,product_23,structured,structured_row:VoltEdge Smartphone Max 23,structured,1
DEC036_A_llama-3.1-8b-instruct,train_kb,conservative_noisy_or_conflict_adjusted,VoltEdge Smartphone Max 23,supports_fast_charging,yes,voltedge smartphone max 23|supports_fast_charging|yes,0.98,product_23,structured,structured_row:VoltEdge Smartphone Max 23,structured,1
DEC036_A_llama-3.1-8b-instruct,train_kb,conservative_noisy_or_conflict_adjusted,VoltEdge Smartphone Max 23,has_noise_cancellation,no,voltedge smartphone max 23|has_noise_cancellation|no,0.98,product_23,structured,structured_row:VoltEdge Smartphone Max 23,structured,1
DEC036_A_llama-3.1-8b-instruct,train_kb,conservative_noisy_or_conflict_adjusted,TechNova Smartphone Pro 1,has_ram_gb,8,technova smartphone pro 1|has_ram_gb|8,0.91,product_23,unstructured,LP=0.969405;LPO=0.999986|It is a smartphone device. Comes with 8GB of RAM. Offers 128GB of internal storage. Battery lasts up to 10 hours. Weighs approximately 0.18kg. Targeted at the US market. Fast charging is yes.,unstructured,1
DEC036_A_llama-3.1-8b-instruct,train_kb,conservative_noisy_or_conflict_adjusted,TechNova Smartphone Pro 1,has_storage_gb,128,technova smartphone pro 1|has_storage_gb|128,0.91,product_23,unstructured,LP=0.997620;LPO=0.999999|It is a smartphone device. Comes with 8GB of RAM. Offers 128GB of internal storage. Battery lasts up to 10 hours. Weighs approximately 0.18kg. Targeted at the US market. Fast charging is yes.,unstructured,1
DEC036_A_llama-3.1-8b-instruct,train_kb,conservative_noisy_or_conflict_adjusted,TechNova Smartphone Pro 1,has_battery_life_hours,10,technova smartphone pro 1|has_battery_life_hours|10,0.91,product_23,unstructured,LP=0.999828;LPO=0.999749|It is a smartphone device. Comes with 8GB of RAM. Offers 128GB of internal storage. Battery lasts up to 10 hours. Weighs approximately 0.18kg. Targeted at the US market. Fast charging is yes.,unstructured,1
DEC036_A_llama-3.1-8b-instruct,train_kb,conservative_noisy_or_conflict_adjusted,TechNova Smartphone Pro 1,has_weight_kg,0.18,technova smartphone pro 1|has_weight_kg|0.18,0.91,product_23,unstructured,LP=0.999895;LPO=0.999428|It is a smartphone device. Comes with 8GB of RAM. Offers 128GB of internal storage. Battery lasts up to 10 hours. Weighs approximately 0.18kg. Targeted at the US market. Fast charging is yes.,unstructured,1
DEC036_A_llama-3.1-8b-instruct,train_kb,conservative_noisy_or_conflict_adjusted,TechNova Smartphone Pro 1,target_market_region,US,technova smartphone pro 1|target_market_region|us,0.91,product_23,unstructured,LP=0.996065;LPO=0.982766|It is a smartphone device. Comes with 8GB of RAM. Offers 128GB of internal storage. Battery lasts up to 10 hours. Weighs approximately 0.18kg. Targeted at the US market. Fast charging is yes.,unstructured,1
DEC036_A_llama-3.1-8b-instruct,train_kb,conservative_noisy_or_conflict_adjusted,TechNova Smartphone Pro 1,supports_fast_charging,yes,technova smartphone pro 1|supports_fast_charging|yes,0.91,product_23,unstructured,LP=0.999552;LPO=0.996243|It is a smartphone device. Comes with 8GB of RAM. Offers 128GB of internal storage. Battery lasts up to 10 hours. Weighs approximately 0.18kg. Targeted at the US market. Fast charging is yes.,unstructured,1
DEC036_A_llama-3.1-8b-instruct,train_kb,conservative_noisy_or_conflict_adjusted,PixelWare Smartwatch Pro 25,manufactured_by,PixelWare,pixelware smartwatch pro 25|manufactured_by|pixelware,0.98,product_25,structured,structured_row:PixelWare Smartwatch Pro 25,structured,1
DEC036_A_llama-3.1-8b-instruct,train_kb,conservative_noisy_or_conflict_adjusted,PixelWare Smartwatch Pro 25,belongs_to_category,smartwatch,pixelware smartwatch pro 25|belongs_to_category|smartwatch,0.98,product_25,structured,structured_row:PixelWare Smartwatch Pro 25,structured,1
DEC036_A_llama-3.1-8b-instruct,train_kb,conservative_noisy_or_conflict_adjusted,PixelWare Smartwatch Pro 25,has_price_usd,1299,pixelware smartwatch pro 25|has_price_usd|1299,0.98,product_25,structured,structured_row:PixelWare Smartwatch Pro 25,structured,1
DEC036_A_llama-3.1-8b-instruct,train_kb,conservative_noisy_or_conflict_adjusted,PixelWare Smartwatch Pro 25,has_screen_size_inch,15.6,pixelware smartwatch pro 25|has_screen_size_inch|15.6,0.98,product_25,structured,structured_row:PixelWare Smartwatch Pro 25,structured,1
DEC036_A_llama-3.1-8b-instruct,train_kb,conservative_noisy_or_conflict_adjusted,PixelWare Smartwatch Pro 25,has_ram_gb,16,pixelware smartwatch pro 25|has_ram_gb|16,0.98,product_25,structured,structured_row:PixelWare Smartwatch Pro 25,structured,1
DEC036_A_llama-3.1-8b-instruct,train_kb,conservative_noisy_or_conflict_adjusted,PixelWare Smartwatch Pro 25,has_storage_gb,128,pixelware smartwatch pro 25|has_storage_gb|128,0.98,product_25,structured,structured_row:PixelWare Smartwatch Pro 25,structured,1
DEC036_A_llama-3.1-8b-instruct,train_kb,conservative_noisy_or_conflict_adjusted,PixelWare Smartwatch Pro 25,has_battery_life_hours,12,pixelware smartwatch pro 25|has_battery_life_hours|12,0.98,product_25,structured,structured_row:PixelWare Smartwatch Pro 25,structured,1
DEC036_A_llama-3.1-8b-instruct,train_kb,conservative_noisy_or_conflict_adjusted,PixelWare Smartwatch Pro 25,has_weight_kg,0.55,pixelware smartwatch pro 25|has_weight_kg|0.55,0.98,product_25,structured,structured_row:PixelWare Smartwatch Pro 25,structured,1
DEC036_A_llama-3.1-8b-instruct,train_kb,conservative_noisy_or_conflict_adjusted,PixelWare Smartwatch Pro 25,has_color,blue,pixelware smartwatch pro 25|has_color|blue,0.98,product_25,structured,structured_row:PixelWare Smartwatch Pro 25,structured,1
DEC036_A_llama-3.1-8b-instruct,train_kb,conservative_noisy_or_conflict_adjusted,PixelWare Smartwatch Pro 25,made_of_material,aluminum,pixelware smartwatch pro 25|made_of_material|aluminum,0.98,product_25,structured,structured_row:PixelWare Smartwatch Pro 25,structured,1
DEC036_A_llama-3.1-8b-instruct,train_kb,conservative_noisy_or_conflict_adjusted,PixelWare Smartwatch Pro 25,target_market_region,Global,pixelware smartwatch pro 25|target_market_region|global,0.98,product_25,structured,structured_row:PixelWare Smartwatch Pro 25,structured,1
DEC036_A_llama-3.1-8b-instruct,train_kb,conservative_noisy_or_conflict_adjusted,PixelWare Smartwatch Pro 25,supports_fast_charging,yes,pixelware smartwatch pro 25|supports_fast_charging|yes,0.98,product_25,structured,structured_row:PixelWare Smartwatch Pro 25,structured,1
DEC036_A_llama-3.1-8b-instruct,train_kb,conservative_noisy_or_conflict_adjusted,PixelWare Smartwatch Pro 25,has_noise_cancellation,no,pixelware smartwatch pro 25|has_noise_cancellation|no,0.98,product_25,structured,structured_row:PixelWare Smartwatch Pro 25,structured,1
DEC036_A_llama-3.1-8b-instruct,train_kb,conservative_noisy_or_conflict_adjusted,smartwatch device,has_ram_gb,16,smartwatch device|has_ram_gb|16,0.91,product_25,unstructured,LP=0.805026;LPO=0.999294|It is a smartwatch device. Comes with 16GB of RAM. Offers 128GB of internal storage. Weighs approximately 0.55kg. Built with aluminum construction. Targeted at the Global market. Fast charging is yes.,unstructured,1
DEC036_A_llama-3.1-8b-instruct,train_kb,conservative_noisy_or_conflict_adjusted,smartwatch device,has_storage_gb,128,smartwatch device|has_storage_gb|128,0.91,product_25,unstructured,LP=0.998590;LPO=0.999738|It is a smartwatch device. Comes with 16GB of RAM. Offers 128GB of internal storage. Weighs approximately 0.55kg. Built with aluminum construction. Targeted at the Global market. Fast charging is yes.,unstructured,1
DEC036_A_llama-3.1-8b-instruct,train_kb,conservative_noisy_or_conflict_adjusted,smartwatch device,has_weight_kg,0.55,smartwatch device|has_weight_kg|0.55,0.91,product_25,unstructured,LP=0.999623;LPO=0.998395|It is a smartwatch device. Comes with 16GB of RAM. Offers 128GB of internal storage. Weighs approximately 0.55kg. Built with aluminum construction. Targeted at the Global market. Fast charging is yes.,unstructured,1
DEC036_A_llama-3.1-8b-instruct,train_kb,conservative_noisy_or_conflict_adjusted,smartwatch device,made_of_material,aluminum,smartwatch device|made_of_material|aluminum,0.91,product_25,unstructured,LP=0.987520;LPO=0.998855|It is a smartwatch device. Comes with 16GB of RAM. Offers 128GB of internal storage. Weighs approximately 0.55kg. Built with aluminum construction. Targeted at the Global market. Fast charging is yes.,unstructured,1
DEC036_A_llama-3.1-8b-instruct,train_kb,conservative_noisy_or_conflict_adjusted,smartwatch device,target_market_region,Global,smartwatch device|target_market_region|global,0.91,product_25,unstructured,LP=0.992266;LPO=0.950741|It is a smartwatch device. Comes with 16GB of RAM. Offers 128GB of internal storage. Weighs approximately 0.55kg. Built with aluminum construction. Targeted at the Global market. Fast charging is yes.,unstructured,1
DEC036_A_llama-3.1-8b-instruct,train_kb,conservative_noisy_or_conflict_adjusted,smartwatch device,supports_fast_charging,yes,smartwatch device|supports_fast_charging|yes,0.91,product_25,unstructured,LP=0.999746;LPO=0.998717|It is a smartwatch device. Comes with 16GB of RAM. Offers 128GB of internal storage. Weighs approximately 0.55kg. Built with aluminum construction. Targeted at the Global market. Fast charging is yes.,unstructured,1
DEC036_A_llama-3.1-8b-instruct,train_kb,conservative_noisy_or_conflict_adjusted,Zenbyte Smartwatch Air 27,manufactured_by,Zenbyte,zenbyte smartwatch air 27|manufactured_by|zenbyte,0.98,product_27,structured,structured_row:Zenbyte Smartwatch Air 27,structured,1
DEC036_A_llama-3.1-8b-instruct,train_kb,conservative_noisy_or_conflict_adjusted,Zenbyte Smartwatch Air 27,belongs_to_category,smartwatch,zenbyte smartwatch air 27|belongs_to_category|smartwatch,0.98,product_27,structured,structured_row:Zenbyte Smartwatch Air 27,structured,1
DEC036_A_llama-3.1-8b-instruct,train_kb,conservative_noisy_or_conflict_adjusted,Zenbyte Smartwatch Air 27,has_price_usd,349,zenbyte smartwatch air 27|has_price_usd|349,0.98,product_27,structured,structured_row:Zenbyte Smartwatch Air 27,structured,1
DEC036_A_llama-3.1-8b-instruct,train_kb,conservative_noisy_or_conflict_adjusted,Zenbyte Smartwatch Air 27,has_screen_size_inch,13.3,zenbyte smartwatch air 27|has_screen_size_inch|13.3,0.98,product_27,structured,structured_row:Zenbyte Smartwatch Air 27,structured,1
DEC036_A_llama-3.1-8b-instruct,train_kb,conservative_noisy_or_conflict_adjusted,Zenbyte Smartwatch Air 27,has_ram_gb,12,zenbyte smartwatch air 27|has_ram_gb|12,0.98,product_27,structured,structured_row:Zenbyte Smartwatch Air 27,structured,1
DEC036_A_llama-3.1-8b-instruct,train_kb,conservative_noisy_or_conflict_adjusted,Zenbyte Smartwatch Air 27,has_storage_gb,128,zenbyte smartwatch air 27|has_storage_gb|128,0.98,product_27,structured,structured_row:Zenbyte Smartwatch Air 27,structured,1
DEC036_A_llama-3.1-8b-instruct,train_kb,conservative_noisy_or_conflict_adjusted,Zenbyte Smartwatch Air 27,has_battery_life_hours,20,zenbyte smartwatch air 27|has_battery_life_hours|20,0.98,product_27,structured,structured_row:Zenbyte Smartwatch Air 27,structured,1
DEC036_A_llama-3.1-8b-instruct,train_kb,conservative_noisy_or_conflict_adjusted,Zenbyte Smartwatch Air 27,has_weight_kg,0.18,zenbyte smartwatch air 27|has_weight_kg|0.18,0.98,product_27,structured,structured_row:Zenbyte Smartwatch Air 27,structured,1
DEC036_A_llama-3.1-8b-instruct,train_kb,conservative_noisy_or_conflict_adjusted,Zenbyte Smartwatch Air 27,has_color,blue,zenbyte smartwatch air 27|has_color|blue,0.98,product_27,structured,structured_row:Zenbyte Smartwatch Air 27,structured,1
DEC036_A_llama-3.1-8b-instruct,train_kb,conservative_noisy_or_conflict_adjusted,Zenbyte Smartwatch Air 27,made_of_material,plastic,zenbyte smartwatch air 27|made_of_material|plastic,0.98,product_27,structured,structured_row:Zenbyte Smartwatch Air 27,structured,1
DEC036_A_llama-3.1-8b-instruct,train_kb,conservative_noisy_or_conflict_adjusted,Zenbyte Smartwatch Air 27,target_market_region,Global,zenbyte smartwatch air 27|target_market_region|global,0.98,product_27,structured,structured_row:Zenbyte Smartwatch Air 27,structured,1
DEC036_A_llama-3.1-8b-instruct,train_kb,conservative_noisy_or_conflict_adjusted,Zenbyte Smartwatch Air 27,supports_fast_charging,no,zenbyte smartwatch air 27|supports_fast_charging|no,0.98,product_27,structured,structured_row:Zenbyte Smartwatch Air 27,structured,1
DEC036_A_llama-3.1-8b-instruct,train_kb,conservative_noisy_or_conflict_adjusted,Zenbyte Smartwatch Air 27,has_noise_cancellation,no,zenbyte smartwatch air 27|has_noise_cancellation|no,0.98,product_27,structured,structured_row:Zenbyte Smartwatch Air 27,structured,1
DEC036_A_llama-3.1-8b-instruct,train_kb,conservative_noisy_or_conflict_adjusted,It is a smartwatch device,belongs_to_category,smartwatch,it is a smartwatch device|belongs_to_category|smartwatch,0.92,product_27,unstructured,LP=0.892185;LPO=0.950202|It is a smartwatch device. Offers 128GB of internal storage. Battery lasts up to 20 hours. Available in blue. Built with plastic construction. Targeted at the Global market. Fast charging is no.,unstructured,1
DEC036_A_llama-3.1-8b-instruct,train_kb,conservative_noisy_or_conflict_adjusted,It is a smartwatch device,manufactured_by,TechNova,it is a smartwatch device|manufactured_by|technova,0.93,product_27,unstructured,LP=0.914107;LPO=0.754528|It is a smartwatch device. Offers 128GB of internal storage. Battery lasts up to 20 hours. Available in blue. Built with plastic construction. Targeted at the Global market. Fast charging is no.,unstructured,1
DEC036_A_llama-3.1-8b-instruct,train_kb,conservative_noisy_or_conflict_adjusted,Offers 128GB of internal storage,has_storage_gb,128,offers 128gb of internal storage|has_storage_gb|128,0.94,product_27,unstructured,LP=0.947212;LPO=0.999890|It is a smartwatch device. Offers 128GB of internal storage. Battery lasts up to 20 hours. Available in blue. Built with plastic construction. Targeted at the Global market. Fast charging is no.,unstructured,1
DEC036_A_llama-3.1-8b-instruct,train_kb,conservative_noisy_or_conflict_adjusted,Battery lasts up to 20 hours,has_battery_life_hours,20,battery lasts up to 20 hours|has_battery_life_hours|20,0.95,product_27,unstructured,LP=0.996246;LPO=0.999814|It is a smartwatch device. Offers 128GB of internal storage. Battery lasts up to 20 hours. Available in blue. Built with plastic construction. Targeted at the Global market. Fast charging is no.,unstructured,1
DEC036_A_llama-3.1-8b-instruct,train_kb,conservative_noisy_or_conflict_adjusted,Available in blue,has_color,blue,available in blue|has_color|blue,0.96,product_27,unstructured,LP=0.997140;LPO=0.999332|It is a smartwatch device. Offers 128GB of internal storage. Battery lasts up to 20 hours. Available in blue. Built with plastic construction. Targeted at the Global market. Fast charging is no.,unstructured,1
DEC036_A_llama-3.1-8b-instruct,train_kb,conservative_noisy_or_conflict_adjusted,Built with plastic construction,made_of_material,plastic,built with plastic construction|made_of_material|plastic,0.92,product_27,unstructured,LP=0.996455;LPO=0.999912|It is a smartwatch device. Offers 128GB of internal storage. Battery lasts up to 20 hours. Available in blue. Built with plastic construction. Targeted at the Global market. Fast charging is no.,unstructured,1
DEC036_A_llama-3.1-8b-instruct,train_kb,conservative_noisy_or_conflict_adjusted,Targeted at the Global market,target_market_region,Global,targeted at the global market|target_market_region|global,0.93,product_27,unstructured,LP=0.997238;LPO=0.985738|It is a smartwatch device. Offers 128GB of internal storage. Battery lasts up to 20 hours. Available in blue. Built with plastic construction. Targeted at the Global market. Fast charging is no.,unstructured,1
DEC036_A_llama-3.1-8b-instruct,train_kb,conservative_noisy_or_conflict_adjusted,TechNova Laptop Max 28,manufactured_by,TechNova,technova laptop max 28|manufactured_by|technova,0.98,product_28,structured,structured_row:TechNova Laptop Max 28,structured,1
DEC036_A_llama-3.1-8b-instruct,train_kb,conservative_noisy_or_conflict_adjusted,TechNova Laptop Max 28,belongs_to_category,laptop,technova laptop max 28|belongs_to_category|laptop,0.98,product_28,structured,structured_row:TechNova Laptop Max 28,structured,1
DEC036_A_llama-3.1-8b-instruct,train_kb,conservative_noisy_or_conflict_adjusted,TechNova Laptop Max 28,has_price_usd,199,technova laptop max 28|has_price_usd|199,0.98,product_28,structured,structured_row:TechNova Laptop Max 28,structured,1
DEC036_A_llama-3.1-8b-instruct,train_kb,conservative_noisy_or_conflict_adjusted,TechNova Laptop Max 28,has_screen_size_inch,6.1,technova laptop max 28|has_screen_size_inch|6.1,0.98,product_28,structured,structured_row:TechNova Laptop Max 28,structured,1
DEC036_A_llama-3.1-8b-instruct,train_kb,conservative_noisy_or_conflict_adjusted,TechNova Laptop Max 28,has_ram_gb,6,technova laptop max 28|has_ram_gb|6,0.98,product_28,structured,structured_row:TechNova Laptop Max 28,structured,1
DEC036_A_llama-3.1-8b-instruct,train_kb,conservative_noisy_or_conflict_adjusted,TechNova Laptop Max 28,has_storage_gb,512,technova laptop max 28|has_storage_gb|512,0.98,product_28,structured,structured_row:TechNova Laptop Max 28,structured,1
DEC036_A_llama-3.1-8b-instruct,train_kb,conservative_noisy_or_conflict_adjusted,TechNova Laptop Max 28,has_battery_life_hours,18,technova laptop max 28|has_battery_life_hours|18,0.98,product_28,structured,structured_row:TechNova Laptop Max 28,structured,1
DEC036_A_llama-3.1-8b-instruct,train_kb,conservative_noisy_or_conflict_adjusted,TechNova Laptop Max 28,has_weight_kg,1.8,technova laptop max 28|has_weight_kg|1.8,0.98,product_28,structured,structured_row:TechNova Laptop Max 28,structured,1
DEC036_A_llama-3.1-8b-instruct,train_kb,conservative_noisy_or_conflict_adjusted,TechNova Laptop Max 28,has_color,blue,technova laptop max 28|has_color|blue,0.98,product_28,structured,structured_row:TechNova Laptop Max 28,structured,1
DEC036_A_llama-3.1-8b-instruct,train_kb,conservative_noisy_or_conflict_adjusted,TechNova Laptop Max 28,made_of_material,aluminum,technova laptop max 28|made_of_material|aluminum,0.98,product_28,structured,structured_row:TechNova Laptop Max 28,structured,1
DEC036_A_llama-3.1-8b-instruct,train_kb,conservative_noisy_or_conflict_adjusted,TechNova Laptop Max 28,target_market_region,US,technova laptop max 28|target_market_region|us,0.98,product_28,structured,structured_row:TechNova Laptop Max 28,structured,1
DEC036_A_llama-3.1-8b-instruct,train_kb,conservative_noisy_or_conflict_adjusted,TechNova Laptop Max 28,supports_fast_charging,yes,technova laptop max 28|supports_fast_charging|yes,0.98,product_28,structured,structured_row:TechNova Laptop Max 28,structured,1
DEC036_A_llama-3.1-8b-instruct,train_kb,conservative_noisy_or_conflict_adjusted,TechNova Laptop Max 28,has_noise_cancellation,no,technova laptop max 28|has_noise_cancellation|no,0.98,product_28,structured,structured_row:TechNova Laptop Max 28,structured,1
DEC036_A_llama-3.1-8b-instruct,train_kb,conservative_noisy_or_conflict_adjusted,TechNova Smartphone Pro 1,has_screen_size_inch,6.1,technova smartphone pro 1|has_screen_size_inch|6.1,0.91,product_28,unstructured,LP=0.992130;LPO=0.998318|The display measures 6.1 inches. Battery lasts up to 18 hours. Weighs approximately 1.8kg. Available in blue. Built with aluminum construction. Targeted at the US market. Fast charging is yes.,unstructured,1
DEC036_A_llama-3.1-8b-instruct,train_kb,conservative_noisy_or_conflict_adjusted,TechNova Smartphone Pro 1,has_battery_life_hours,18,technova smartphone pro 1|has_battery_life_hours|18,0.91,product_28,unstructured,LP=0.998322;LPO=0.988607|The display measures 6.1 inches. Battery lasts up to 18 hours. Weighs approximately 1.8kg. Available in blue. Built with aluminum construction. Targeted at the US market. Fast charging is yes.,unstructured,1
DEC036_A_llama-3.1-8b-instruct,train_kb,conservative_noisy_or_conflict_adjusted,TechNova Smartphone Pro 1,has_weight_kg,1.8,technova smartphone pro 1|has_weight_kg|1.8,0.91,product_28,unstructured,LP=0.999930;LPO=0.999681|The display measures 6.1 inches. Battery lasts up to 18 hours. Weighs approximately 1.8kg. Available in blue. Built with aluminum construction. Targeted at the US market. Fast charging is yes.,unstructured,1
DEC036_A_llama-3.1-8b-instruct,train_kb,conservative_noisy_or_conflict_adjusted,TechNova Smartphone Pro 1,has_color,blue,technova smartphone pro 1|has_color|blue,0.91,product_28,unstructured,LP=0.999213;LPO=0.997764|The display measures 6.1 inches. Battery lasts up to 18 hours. Weighs approximately 1.8kg. Available in blue. Built with aluminum construction. Targeted at the US market. Fast charging is yes.,unstructured,1
DEC036_A_llama-3.1-8b-instruct,train_kb,conservative_noisy_or_conflict_adjusted,TechNova Smartphone Pro 1,made_of_material,aluminum,technova smartphone pro 1|made_of_material|aluminum,0.91,product_28,unstructured,LP=0.998006;LPO=0.999756|The display measures 6.1 inches. Battery lasts up to 18 hours. Weighs approximately 1.8kg. Available in blue. Built with aluminum construction. Targeted at the US market. Fast charging is yes.,unstructured,1
DEC036_A_llama-3.1-8b-instruct,train_kb,conservative_noisy_or_conflict_adjusted,TechNova Smartphone Pro 1,target_market_region,US,technova smartphone pro 1|target_market_region|us,0.91,product_28,unstructured,LP=0.998217;LPO=0.988851|The display measures 6.1 inches. Battery lasts up to 18 hours. Weighs approximately 1.8kg. Available in blue. Built with aluminum construction. Targeted at the US market. Fast charging is yes.,unstructured,1
DEC036_A_llama-3.1-8b-instruct,train_kb,conservative_noisy_or_conflict_adjusted,TechNova Smartphone Pro 1,supports_fast_charging,yes,technova smartphone pro 1|supports_fast_charging|yes,0.91,product_28,unstructured,LP=0.999451;LPO=0.994962|The display measures 6.1 inches. Battery lasts up to 18 hours. Weighs approximately 1.8kg. Available in blue. Built with aluminum construction. Targeted at the US market. Fast charging is yes.,unstructured,1
DEC036_A_llama-3.1-8b-instruct,train_kb,conservative_noisy_or_conflict_adjusted,PixelWare Tablet Pro 29,manufactured_by,PixelWare,pixelware tablet pro 29|manufactured_by|pixelware,0.98,product_29,structured,structured_row:PixelWare Tablet Pro 29,structured,1
DEC036_A_llama-3.1-8b-instruct,train_kb,conservative_noisy_or_conflict_adjusted,PixelWare Tablet Pro 29,belongs_to_category,tablet,pixelware tablet pro 29|belongs_to_category|tablet,0.98,product_29,structured,structured_row:PixelWare Tablet Pro 29,structured,1
DEC036_A_llama-3.1-8b-instruct,train_kb,conservative_noisy_or_conflict_adjusted,PixelWare Tablet Pro 29,has_price_usd,899,pixelware tablet pro 29|has_price_usd|899,0.98,product_29,structured,structured_row:PixelWare Tablet Pro 29,structured,1
DEC036_A_llama-3.1-8b-instruct,train_kb,conservative_noisy_or_conflict_adjusted,PixelWare Tablet Pro 29,has_screen_size_inch,6.7,pixelware tablet pro 29|has_screen_size_inch|6.7,0.98,product_29,structured,structured_row:PixelWare Tablet Pro 29,structured,1
DEC036_A_llama-3.1-8b-instruct,train_kb,conservative_noisy_or_conflict_adjusted,PixelWare Tablet Pro 29,has_ram_gb,6,pixelware tablet pro 29|has_ram_gb|6,0.98,product_29,structured,structured_row:PixelWare Tablet Pro 29,structured,1
DEC036_A_llama-3.1-8b-instruct,train_kb,conservative_noisy_or_conflict_adjusted,PixelWare Tablet Pro 29,has_storage_gb,1024,pixelware tablet pro 29|has_storage_gb|1024,0.98,product_29,structured,structured_row:PixelWare Tablet Pro 29,structured,1
DEC036_A_llama-3.1-8b-instruct,train_kb,conservative_noisy_or_conflict_adjusted,PixelWare Tablet Pro 29,has_battery_life_hours,14,pixelware tablet pro 29|has_battery_life_hours|14,0.98,product_29,structured,structured_row:PixelWare Tablet Pro 29,structured,1
DEC036_A_llama-3.1-8b-instruct,train_kb,conservative_noisy_or_conflict_adjusted,PixelWare Tablet Pro 29,has_weight_kg,0.18,pixelware tablet pro 29|has_weight_kg|0.18,0.98,product_29,structured,structured_row:PixelWare Tablet Pro 29,structured,1
DEC036_A_llama-3.1-8b-instruct,train_kb,conservative_noisy_or_conflict_adjusted,PixelWare Tablet Pro 29,has_color,silver,pixelware tablet pro 29|has_color|silver,0.98,product_29,structured,structured_row:PixelWare Tablet Pro 29,structured,1
DEC036_A_llama-3.1-8b-instruct,train_kb,conservative_noisy_or_conflict_adjusted,PixelWare Tablet Pro 29,made_of_material,carbon fiber,pixelware tablet pro 29|made_of_material|carbon fiber,0.98,product_29,structured,structured_row:PixelWare Tablet Pro 29,structured,1
DEC036_A_llama-3.1-8b-instruct,train_kb,conservative_noisy_or_conflict_adjusted,PixelWare Tablet Pro 29,target_market_region,EU,pixelware tablet pro 29|target_market_region|eu,0.98,product_29,structured,structured_row:PixelWare Tablet Pro 29,structured,1
DEC036_A_llama-3.1-8b-instruct,train_kb,conservative_noisy_or_conflict_adjusted,PixelWare Tablet Pro 29,supports_fast_charging,yes,pixelware tablet pro 29|supports_fast_charging|yes,0.98,product_29,structured,structured_row:PixelWare Tablet Pro 29,structured,1
DEC036_A_llama-3.1-8b-instruct,train_kb,conservative_noisy_or_conflict_adjusted,PixelWare Tablet Pro 29,has_noise_cancellation,no,pixelware tablet pro 29|has_noise_cancellation|no,0.98,product_29,structured,structured_row:PixelWare Tablet Pro 29,structured,1
DEC036_A_llama-3.1-8b-instruct,train_kb,conservative_noisy_or_conflict_adjusted,TechNova Tablet,has_price_usd,899,technova tablet|has_price_usd|899,0.92,product_29,unstructured,LP=0.839834;LPO=0.999467|It is a tablet device. Priced at 899 USD. Offers 1024GB of internal storage. Battery lasts up to 14 hours. Weighs approximately 0.18kg. Available in silver. Fast charging is yes.,unstructured,1
DEC036_A_llama-3.1-8b-instruct,train_kb,conservative_noisy_or_conflict_adjusted,TechNova Tablet,has_storage_gb,1024,technova tablet|has_storage_gb|1024,0.93,product_29,unstructured,LP=0.986213;LPO=0.999884|It is a tablet device. Priced at 899 USD. Offers 1024GB of internal storage. Battery lasts up to 14 hours. Weighs approximately 0.18kg. Available in silver. Fast charging is yes.,unstructured,1
DEC036_A_llama-3.1-8b-instruct,train_kb,conservative_noisy_or_conflict_adjusted,TechNova Tablet,has_battery_life_hours,14,technova tablet|has_battery_life_hours|14,0.94,product_29,unstructured,LP=0.999668;LPO=0.998758|It is a tablet device. Priced at 899 USD. Offers 1024GB of internal storage. Battery lasts up to 14 hours. Weighs approximately 0.18kg. Available in silver. Fast charging is yes.,unstructured,1
DEC036_A_llama-3.1-8b-instruct,train_kb,conservative_noisy_or_conflict_adjusted,TechNova Tablet,has_weight_kg,0.18,technova tablet|has_weight_kg|0.18,0.95,product_29,unstructured,LP=0.999818;LPO=0.999459|It is a tablet device. Priced at 899 USD. Offers 1024GB of internal storage. Battery lasts up to 14 hours. Weighs approximately 0.18kg. Available in silver. Fast charging is yes.,unstructured,1
DEC036_A_llama-3.1-8b-instruct,train_kb,conservative_noisy_or_conflict_adjusted,TechNova Tablet,has_color,silver,technova tablet|has_color|silver,0.96,product_29,unstructured,LP=0.997945;LPO=0.994968|It is a tablet device. Priced at 899 USD. Offers 1024GB of internal storage. Battery lasts up to 14 hours. Weighs approximately 0.18kg. Available in silver. Fast charging is yes.,unstructured,1
DEC036_A_llama-3.1-8b-instruct,train_kb,conservative_noisy_or_conflict_adjusted,TechNova Tablet,supports_fast_charging,yes,technova tablet|supports_fast_charging|yes,0.9,product_29,unstructured,LP=0.999289;LPO=0.997289|It is a tablet device. Priced at 899 USD. Offers 1024GB of internal storage. Battery lasts up to 14 hours. Weighs approximately 0.18kg. Available in silver. Fast charging is yes.,unstructured,1
DEC036_A_llama-3.1-8b-instruct,train_kb,conservative_noisy_or_conflict_adjusted,Zenbyte Tablet Max 30,manufactured_by,Zenbyte,zenbyte tablet max 30|manufactured_by|zenbyte,0.98,product_30,structured,structured_row:Zenbyte Tablet Max 30,structured,1
DEC036_A_llama-3.1-8b-instruct,train_kb,conservative_noisy_or_conflict_adjusted,Zenbyte Tablet Max 30,belongs_to_category,tablet,zenbyte tablet max 30|belongs_to_category|tablet,0.98,product_30,structured,structured_row:Zenbyte Tablet Max 30,structured,1
DEC036_A_llama-3.1-8b-instruct,train_kb,conservative_noisy_or_conflict_adjusted,Zenbyte Tablet Max 30,has_price_usd,1099,zenbyte tablet max 30|has_price_usd|1099,0.98,product_30,structured,structured_row:Zenbyte Tablet Max 30,structured,1
DEC036_A_llama-3.1-8b-instruct,train_kb,conservative_noisy_or_conflict_adjusted,Zenbyte Tablet Max 30,has_screen_size_inch,11.0,zenbyte tablet max 30|has_screen_size_inch|11.0,0.98,product_30,structured,structured_row:Zenbyte Tablet Max 30,structured,1
DEC036_A_llama-3.1-8b-instruct,train_kb,conservative_noisy_or_conflict_adjusted,Zenbyte Tablet Max 30,has_ram_gb,8,zenbyte tablet max 30|has_ram_gb|8,0.98,product_30,structured,structured_row:Zenbyte Tablet Max 30,structured,1
DEC036_A_llama-3.1-8b-instruct,train_kb,conservative_noisy_or_conflict_adjusted,Zenbyte Tablet Max 30,has_storage_gb,128,zenbyte tablet max 30|has_storage_gb|128,0.98,product_30,structured,structured_row:Zenbyte Tablet Max 30,structured,1
DEC036_A_llama-3.1-8b-instruct,train_kb,conservative_noisy_or_conflict_adjusted,Zenbyte Tablet Max 30,has_battery_life_hours,24,zenbyte tablet max 30|has_battery_life_hours|24,0.98,product_30,structured,structured_row:Zenbyte Tablet Max 30,structured,1
DEC036_A_llama-3.1-8b-instruct,train_kb,conservative_noisy_or_conflict_adjusted,Zenbyte Tablet Max 30,has_weight_kg,1.45,zenbyte tablet max 30|has_weight_kg|1.45,0.98,product_30,structured,structured_row:Zenbyte Tablet Max 30,structured,1
DEC036_A_llama-3.1-8b-instruct,train_kb,conservative_noisy_or_conflict_adjusted,Zenbyte Tablet Max 30,has_color,green,zenbyte tablet max 30|has_color|green,0.98,product_30,structured,structured_row:Zenbyte Tablet Max 30,structured,1
DEC036_A_llama-3.1-8b-instruct,train_kb,conservative_noisy_or_conflict_adjusted,Zenbyte Tablet Max 30,made_of_material,plastic,zenbyte tablet max 30|made_of_material|plastic,0.98,product_30,structured,structured_row:Zenbyte Tablet Max 30,structured,1
DEC036_A_llama-3.1-8b-instruct,train_kb,conservative_noisy_or_conflict_adjusted,Zenbyte Tablet Max 30,target_market_region,Global,zenbyte tablet max 30|target_market_region|global,0.98,product_30,structured,structured_row:Zenbyte Tablet Max 30,structured,1
DEC036_A_llama-3.1-8b-instruct,train_kb,conservative_noisy_or_conflict_adjusted,Zenbyte Tablet Max 30,supports_fast_charging,no,zenbyte tablet max 30|supports_fast_charging|no,0.98,product_30,structured,structured_row:Zenbyte Tablet Max 30,structured,1
DEC036_A_llama-3.1-8b-instruct,train_kb,conservative_noisy_or_conflict_adjusted,Zenbyte Tablet Max 30,has_noise_cancellation,no,zenbyte tablet max 30|has_noise_cancellation|no,0.98,product_30,structured,structured_row:Zenbyte Tablet Max 30,structured,1
DEC036_A_llama-3.1-8b-instruct,train_kb,conservative_noisy_or_conflict_adjusted,Zenbyte Tablet Max 30,manufactured_by,Zenbyte,zenbyte tablet max 30|manufactured_by|zenbyte,0.95,product_30,unstructured,LP=0.977659;LPO=0.999914|Zenbyte Tablet Max 30 is manufactured by Zenbyte. The display measures 11.0 inches. Comes with 8GB of RAM. Weighs approximately 1.45kg. Available in green. Targeted at the Global market. Noise cancellation: no.,unstructured,1
DEC036_A_llama-3.1-8b-instruct,train_kb,conservative_noisy_or_conflict_adjusted,Zenbyte Tablet Max 30,has_screen_size_inch,11.0,zenbyte tablet max 30|has_screen_size_inch|11.0,0.92,product_30,unstructured,LP=0.979629;LPO=0.912666|Zenbyte Tablet Max 30 is manufactured by Zenbyte. The display measures 11.0 inches. Comes with 8GB of RAM. Weighs approximately 1.45kg. Available in green. Targeted at the Global market. Noise cancellation: no.,unstructured,1
DEC036_A_llama-3.1-8b-instruct,train_kb,conservative_noisy_or_conflict_adjusted,Zenbyte Tablet Max 30,has_ram_gb,8,zenbyte tablet max 30|has_ram_gb|8,0.91,product_30,unstructured,LP=0.999595;LPO=0.999994|Zenbyte Tablet Max 30 is manufactured by Zenbyte. The display measures 11.0 inches. Comes with 8GB of RAM. Weighs approximately 1.45kg. Available in green. Targeted at the Global market. Noise cancellation: no.,unstructured,1
DEC036_A_llama-3.1-8b-instruct,train_kb,conservative_noisy_or_conflict_adjusted,Zenbyte Tablet Max 30,has_weight_kg,1.45,zenbyte tablet max 30|has_weight_kg|1.45,0.9,product_30,unstructured,LP=0.999841;LPO=0.999903|Zenbyte Tablet Max 30 is manufactured by Zenbyte. The display measures 11.0 inches. Comes with 8GB of RAM. Weighs approximately 1.45kg. Available in green. Targeted at the Global market. Noise cancellation: no.,unstructured,1
DEC036_A_llama-3.1-8b-instruct,train_kb,conservative_noisy_or_conflict_adjusted,Zenbyte Tablet Max 30,has_color,green,zenbyte tablet max 30|has_color|green,0.88,product_30,unstructured,LP=0.999478;LPO=0.998659|Zenbyte Tablet Max 30 is manufactured by Zenbyte. The display measures 11.0 inches. Comes with 8GB of RAM. Weighs approximately 1.45kg. Available in green. Targeted at the Global market. Noise cancellation: no.,unstructured,1
DEC036_A_llama-3.1-8b-instruct,train_kb,conservative_noisy_or_conflict_adjusted,Zenbyte Tablet Max 30,target_market_region,Global,zenbyte tablet max 30|target_market_region|global,0.85,product_30,unstructured,LP=0.997488;LPO=0.979221|Zenbyte Tablet Max 30 is manufactured by Zenbyte. The display measures 11.0 inches. Comes with 8GB of RAM. Weighs approximately 1.45kg. Available in green. Targeted at the Global market. Noise cancellation: no.,unstructured,1
DEC036_A_llama-3.1-8b-instruct,train_kb,conservative_noisy_or_conflict_adjusted,Zenbyte Tablet Max 30,supports_fast_charging,no,zenbyte tablet max 30|supports_fast_charging|no,0.8,product_30,unstructured,LP=0.986325;LPO=0.940415|Zenbyte Tablet Max 30 is manufactured by Zenbyte. The display measures 11.0 inches. Comes with 8GB of RAM. Weighs approximately 1.45kg. Available in green. Targeted at the Global market. Noise cancellation: no.,unstructured,1
DEC036_A_llama-3.1-8b-instruct,train_kb,conservative_noisy_or_conflict_adjusted,PixelWare Headphones Plus 31,manufactured_by,PixelWare,pixelware headphones plus 31|manufactured_by|pixelware,0.98,product_31,structured,structured_row:PixelWare Headphones Plus 31,structured,1
DEC036_A_llama-3.1-8b-instruct,train_kb,conservative_noisy_or_conflict_adjusted,PixelWare Headphones Plus 31,belongs_to_category,headphones,pixelware headphones plus 31|belongs_to_category|headphones,0.98,product_31,structured,structured_row:PixelWare Headphones Plus 31,structured,1
DEC036_A_llama-3.1-8b-instruct,train_kb,conservative_noisy_or_conflict_adjusted,PixelWare Headphones Plus 31,has_price_usd,249,pixelware headphones plus 31|has_price_usd|249,0.98,product_31,structured,structured_row:PixelWare Headphones Plus 31,structured,1
DEC036_A_llama-3.1-8b-instruct,train_kb,conservative_noisy_or_conflict_adjusted,PixelWare Headphones Plus 31,has_screen_size_inch,6.7,pixelware headphones plus 31|has_screen_size_inch|6.7,0.98,product_31,structured,structured_row:PixelWare Headphones Plus 31,structured,1
DEC036_A_llama-3.1-8b-instruct,train_kb,conservative_noisy_or_conflict_adjusted,PixelWare Headphones Plus 31,has_ram_gb,6,pixelware headphones plus 31|has_ram_gb|6,0.98,product_31,structured,structured_row:PixelWare Headphones Plus 31,structured,1
DEC036_A_llama-3.1-8b-instruct,train_kb,conservative_noisy_or_conflict_adjusted,PixelWare Headphones Plus 31,has_storage_gb,128,pixelware headphones plus 31|has_storage_gb|128,0.98,product_31,structured,structured_row:PixelWare Headphones Plus 31,structured,1
DEC036_A_llama-3.1-8b-instruct,train_kb,conservative_noisy_or_conflict_adjusted,PixelWare Headphones Plus 31,has_battery_life_hours,14,pixelware headphones plus 31|has_battery_life_hours|14,0.98,product_31,structured,structured_row:PixelWare Headphones Plus 31,structured,1
DEC036_A_llama-3.1-8b-instruct,train_kb,conservative_noisy_or_conflict_adjusted,PixelWare Headphones Plus 31,has_weight_kg,1.45,pixelware headphones plus 31|has_weight_kg|1.45,0.98,product_31,structured,structured_row:PixelWare Headphones Plus 31,structured,1
DEC036_A_llama-3.1-8b-instruct,train_kb,conservative_noisy_or_conflict_adjusted,PixelWare Headphones Plus 31,has_color,blue,pixelware headphones plus 31|has_color|blue,0.98,product_31,structured,structured_row:PixelWare Headphones Plus 31,structured,1
DEC036_A_llama-3.1-8b-instruct,train_kb,conservative_noisy_or_conflict_adjusted,PixelWare Headphones Plus 31,made_of_material,plastic,pixelware headphones plus 31|made_of_material|plastic,0.98,product_31,structured,structured_row:PixelWare Headphones Plus 31,structured,1
DEC036_A_llama-3.1-8b-instruct,train_kb,conservative_noisy_or_conflict_adjusted,PixelWare Headphones Plus 31,target_market_region,APAC,pixelware headphones plus 31|target_market_region|apac,0.98,product_31,structured,structured_row:PixelWare Headphones Plus 31,structured,1
DEC036_A_llama-3.1-8b-instruct,train_kb,conservative_noisy_or_conflict_adjusted,PixelWare Headphones Plus 31,supports_fast_charging,yes,pixelware headphones plus 31|supports_fast_charging|yes,0.98,product_31,structured,structured_row:PixelWare Headphones Plus 31,structured,1
DEC036_A_llama-3.1-8b-instruct,train_kb,conservative_noisy_or_conflict_adjusted,PixelWare Headphones Plus 31,has_noise_cancellation,yes,pixelware headphones plus 31|has_noise_cancellation|yes,0.98,product_31,structured,structured_row:PixelWare Headphones Plus 31,structured,1
DEC036_A_llama-3.1-8b-instruct,train_kb,conservative_noisy_or_conflict_adjusted,headphones device,belongs_to_category,headphones,headphones device|belongs_to_category|headphones,0.92,product_31,unstructured,LP=0.840319;LPO=0.978023|It is a headphones device. The display measures 6.7 inches. Offers 128GB of internal storage. Battery lasts up to 14 hours. Weighs approximately 1.45kg. Available in blue. Fast charging is yes.,unstructured,1
DEC036_A_llama-3.1-8b-instruct,train_kb,conservative_noisy_or_conflict_adjusted,headphones device,has_screen_size_inch,6.7,headphones device|has_screen_size_inch|6.7,0.93,product_31,unstructured,LP=0.992909;LPO=0.998392|It is a headphones device. The display measures 6.7 inches. Offers 128GB of internal storage. Battery lasts up to 14 hours. Weighs approximately 1.45kg. Available in blue. Fast charging is yes.,unstructured,1
DEC036_A_llama-3.1-8b-instruct,train_kb,conservative_noisy_or_conflict_adjusted,headphones device,has_storage_gb,128,headphones device|has_storage_gb|128,0.94,product_31,unstructured,LP=0.973085;LPO=0.999968|It is a headphones device. The display measures 6.7 inches. Offers 128GB of internal storage. Battery lasts up to 14 hours. Weighs approximately 1.45kg. Available in blue. Fast charging is yes.,unstructured,1
DEC036_A_llama-3.1-8b-instruct,train_kb,conservative_noisy_or_conflict_adjusted,headphones device,has_battery_life_hours,14,headphones device|has_battery_life_hours|14,0.95,product_31,unstructured,LP=0.999420;LPO=0.997461|It is a headphones device. The display measures 6.7 inches. Offers 128GB of internal storage. Battery lasts up to 14 hours. Weighs approximately 1.45kg. Available in blue. Fast charging is yes.,unstructured,1
DEC036_A_llama-3.1-8b-instruct,train_kb,conservative_noisy_or_conflict_adjusted,headphones device,has_weight_kg,1.45,headphones device|has_weight_kg|1.45,0.96,product_31,unstructured,LP=0.999957;LPO=0.999940|It is a headphones device. The display measures 6.7 inches. Offers 128GB of internal storage. Battery lasts up to 14 hours. Weighs approximately 1.45kg. Available in blue. Fast charging is yes.,unstructured,1
DEC036_A_llama-3.1-8b-instruct,train_kb,conservative_noisy_or_conflict_adjusted,headphones device,has_color,blue,headphones device|has_color|blue,0.92,product_31,unstructured,LP=0.999786;LPO=0.999825|It is a headphones device. The display measures 6.7 inches. Offers 128GB of internal storage. Battery lasts up to 14 hours. Weighs approximately 1.45kg. Available in blue. Fast charging is yes.,unstructured,1
DEC036_A_llama-3.1-8b-instruct,train_kb,conservative_noisy_or_conflict_adjusted,headphones device,supports_fast_charging,yes,headphones device|supports_fast_charging|yes,0.91,product_31,unstructured,LP=0.999360;LPO=0.996085|It is a headphones device. The display measures 6.7 inches. Offers 128GB of internal storage. Battery lasts up to 14 hours. Weighs approximately 1.45kg. Available in blue. Fast charging is yes.,unstructured,1
DEC036_A_llama-3.1-8b-instruct,train_kb,conservative_noisy_or_conflict_adjusted,PixelWare Smartphone Plus 32,manufactured_by,PixelWare,pixelware smartphone plus 32|manufactured_by|pixelware,0.98,product_32,structured,structured_row:PixelWare Smartphone Plus 32,structured,1
DEC036_A_llama-3.1-8b-instruct,train_kb,conservative_noisy_or_conflict_adjusted,PixelWare Smartphone Plus 32,belongs_to_category,smartphone,pixelware smartphone plus 32|belongs_to_category|smartphone,0.98,product_32,structured,structured_row:PixelWare Smartphone Plus 32,structured,1
DEC036_A_llama-3.1-8b-instruct,train_kb,conservative_noisy_or_conflict_adjusted,PixelWare Smartphone Plus 32,has_price_usd,899,pixelware smartphone plus 32|has_price_usd|899,0.98,product_32,structured,structured_row:PixelWare Smartphone Plus 32,structured,1
DEC036_A_llama-3.1-8b-instruct,train_kb,conservative_noisy_or_conflict_adjusted,PixelWare Smartphone Plus 32,has_screen_size_inch,11.0,pixelware smartphone plus 32|has_screen_size_inch|11.0,0.98,product_32,structured,structured_row:PixelWare Smartphone Plus 32,structured,1
DEC036_A_llama-3.1-8b-instruct,train_kb,conservative_noisy_or_conflict_adjusted,PixelWare Smartphone Plus 32,has_ram_gb,4,pixelware smartphone plus 32|has_ram_gb|4,0.98,product_32,structured,structured_row:PixelWare Smartphone Plus 32,structured,1
DEC036_A_llama-3.1-8b-instruct,train_kb,conservative_noisy_or_conflict_adjusted,PixelWare Smartphone Plus 32,has_storage_gb,256,pixelware smartphone plus 32|has_storage_gb|256,0.98,product_32,structured,structured_row:PixelWare Smartphone Plus 32,structured,1
DEC036_A_llama-3.1-8b-instruct,train_kb,conservative_noisy_or_conflict_adjusted,PixelWare Smartphone Plus 32,has_battery_life_hours,12,pixelware smartphone plus 32|has_battery_life_hours|12,0.98,product_32,structured,structured_row:PixelWare Smartphone Plus 32,structured,1
DEC036_A_llama-3.1-8b-instruct,train_kb,conservative_noisy_or_conflict_adjusted,PixelWare Smartphone Plus 32,has_weight_kg,1.8,pixelware smartphone plus 32|has_weight_kg|1.8,0.98,product_32,structured,structured_row:PixelWare Smartphone Plus 32,structured,1
DEC036_A_llama-3.1-8b-instruct,train_kb,conservative_noisy_or_conflict_adjusted,PixelWare Smartphone Plus 32,has_color,white,pixelware smartphone plus 32|has_color|white,0.98,product_32,structured,structured_row:PixelWare Smartphone Plus 32,structured,1
DEC036_A_llama-3.1-8b-instruct,train_kb,conservative_noisy_or_conflict_adjusted,PixelWare Smartphone Plus 32,made_of_material,plastic,pixelware smartphone plus 32|made_of_material|plastic,0.98,product_32,structured,structured_row:PixelWare Smartphone Plus 32,structured,1
DEC036_A_llama-3.1-8b-instruct,train_kb,conservative_noisy_or_conflict_adjusted,PixelWare Smartphone Plus 32,target_market_region,EU,pixelware smartphone plus 32|target_market_region|eu,0.98,product_32,structured,structured_row:PixelWare Smartphone Plus 32,structured,1
DEC036_A_llama-3.1-8b-instruct,train_kb,conservative_noisy_or_conflict_adjusted,PixelWare Smartphone Plus 32,supports_fast_charging,no,pixelware smartphone plus 32|supports_fast_charging|no,0.98,product_32,structured,structured_row:PixelWare Smartphone Plus 32,structured,1
DEC036_A_llama-3.1-8b-instruct,train_kb,conservative_noisy_or_conflict_adjusted,PixelWare Smartphone Plus 32,has_noise_cancellation,no,pixelware smartphone plus 32|has_noise_cancellation|no,0.98,product_32,structured,structured_row:PixelWare Smartphone Plus 32,structured,1
DEC036_A_llama-3.1-8b-instruct,train_kb,conservative_noisy_or_conflict_adjusted,TechNova Smartphone Pro 1,has_screen_size_inch,11.0,technova smartphone pro 1|has_screen_size_inch|11.0,0.91,product_32,unstructured,LP=0.981790;LPO=0.960752|It is a smartphone device. The display measures 11.0 inches. Battery lasts up to 12 hours. Weighs approximately 1.8kg. Available in white. Built with plastic construction. Fast charging is no.,unstructured,1
DEC036_A_llama-3.1-8b-instruct,train_kb,conservative_noisy_or_conflict_adjusted,TechNova Smartphone Pro 1,has_battery_life_hours,12,technova smartphone pro 1|has_battery_life_hours|12,0.91,product_32,unstructured,LP=0.998414;LPO=0.990094|It is a smartphone device. The display measures 11.0 inches. Battery lasts up to 12 hours. Weighs approximately 1.8kg. Available in white. Built with plastic construction. Fast charging is no.,unstructured,1
DEC036_A_llama-3.1-8b-instruct,train_kb,conservative_noisy_or_conflict_adjusted,TechNova Smartphone Pro 1,has_weight_kg,1.8,technova smartphone pro 1|has_weight_kg|1.8,0.91,product_32,unstructured,LP=0.999893;LPO=0.999559|It is a smartphone device. The display measures 11.0 inches. Battery lasts up to 12 hours. Weighs approximately 1.8kg. Available in white. Built with plastic construction. Fast charging is no.,unstructured,1
DEC036_A_llama-3.1-8b-instruct,train_kb,conservative_noisy_or_conflict_adjusted,TechNova Smartphone Pro 1,has_color,white,technova smartphone pro 1|has_color|white,0.91,product_32,unstructured,LP=0.998804;LPO=0.996358|It is a smartphone device. The display measures 11.0 inches. Battery lasts up to 12 hours. Weighs approximately 1.8kg. Available in white. Built with plastic construction. Fast charging is no.,unstructured,1
DEC036_A_llama-3.1-8b-instruct,train_kb,conservative_noisy_or_conflict_adjusted,TechNova Smartphone Pro 1,made_of_material,plastic,technova smartphone pro 1|made_of_material|plastic,0.91,product_32,unstructured,LP=0.999217;LPO=0.999946|It is a smartphone device. The display measures 11.0 inches. Battery lasts up to 12 hours. Weighs approximately 1.8kg. Available in white. Built with plastic construction. Fast charging is no.,unstructured,1
DEC036_A_llama-3.1-8b-instruct,train_kb,conservative_noisy_or_conflict_adjusted,PixelWare Tablet Lite 34,manufactured_by,PixelWare,pixelware tablet lite 34|manufactured_by|pixelware,0.98,product_34,structured,structured_row:PixelWare Tablet Lite 34,structured,1
DEC036_A_llama-3.1-8b-instruct,train_kb,conservative_noisy_or_conflict_adjusted,PixelWare Tablet Lite 34,belongs_to_category,tablet,pixelware tablet lite 34|belongs_to_category|tablet,0.98,product_34,structured,structured_row:PixelWare Tablet Lite 34,structured,1
DEC036_A_llama-3.1-8b-instruct,train_kb,conservative_noisy_or_conflict_adjusted,PixelWare Tablet Lite 34,has_price_usd,349,pixelware tablet lite 34|has_price_usd|349,0.98,product_34,structured,structured_row:PixelWare Tablet Lite 34,structured,1
DEC036_A_llama-3.1-8b-instruct,train_kb,conservative_noisy_or_conflict_adjusted,PixelWare Tablet Lite 34,has_screen_size_inch,11.0,pixelware tablet lite 34|has_screen_size_inch|11.0,0.98,product_34,structured,structured_row:PixelWare Tablet Lite 34,structured,1
DEC036_A_llama-3.1-8b-instruct,train_kb,conservative_noisy_or_conflict_adjusted,PixelWare Tablet Lite 34,has_ram_gb,8,pixelware tablet lite 34|has_ram_gb|8,0.98,product_34,structured,structured_row:PixelWare Tablet Lite 34,structured,1
DEC036_A_llama-3.1-8b-instruct,train_kb,conservative_noisy_or_conflict_adjusted,PixelWare Tablet Lite 34,has_storage_gb,256,pixelware tablet lite 34|has_storage_gb|256,0.98,product_34,structured,structured_row:PixelWare Tablet Lite 34,structured,1
DEC036_A_llama-3.1-8b-instruct,train_kb,conservative_noisy_or_conflict_adjusted,PixelWare Tablet Lite 34,has_battery_life_hours,24,pixelware tablet lite 34|has_battery_life_hours|24,0.98,product_34,structured,structured_row:PixelWare Tablet Lite 34,structured,1
DEC036_A_llama-3.1-8b-instruct,train_kb,conservative_noisy_or_conflict_adjusted,PixelWare Tablet Lite 34,has_weight_kg,0.55,pixelware tablet lite 34|has_weight_kg|0.55,0.98,product_34,structured,structured_row:PixelWare Tablet Lite 34,structured,1
DEC036_A_llama-3.1-8b-instruct,train_kb,conservative_noisy_or_conflict_adjusted,PixelWare Tablet Lite 34,has_color,black,pixelware tablet lite 34|has_color|black,0.98,product_34,structured,structured_row:PixelWare Tablet Lite 34,structured,1
DEC036_A_llama-3.1-8b-instruct,train_kb,conservative_noisy_or_conflict_adjusted,PixelWare Tablet Lite 34,made_of_material,plastic,pixelware tablet lite 34|made_of_material|plastic,0.98,product_34,structured,structured_row:PixelWare Tablet Lite 34,structured,1
DEC036_A_llama-3.1-8b-instruct,train_kb,conservative_noisy_or_conflict_adjusted,PixelWare Tablet Lite 34,target_market_region,Global,pixelware tablet lite 34|target_market_region|global,0.98,product_34,structured,structured_row:PixelWare Tablet Lite 34,structured,1
DEC036_A_llama-3.1-8b-instruct,train_kb,conservative_noisy_or_conflict_adjusted,PixelWare Tablet Lite 34,supports_fast_charging,no,pixelware tablet lite 34|supports_fast_charging|no,0.98,product_34,structured,structured_row:PixelWare Tablet Lite 34,structured,1
DEC036_A_llama-3.1-8b-instruct,train_kb,conservative_noisy_or_conflict_adjusted,PixelWare Tablet Lite 34,has_noise_cancellation,no,pixelware tablet lite 34|has_noise_cancellation|no,0.98,product_34,structured,structured_row:PixelWare Tablet Lite 34,structured,1
DEC036_A_llama-3.1-8b-instruct,train_kb,conservative_noisy_or_conflict_adjusted,PixelWare Tablet Lite 34,manufactured_by,PixelWare,pixelware tablet lite 34|manufactured_by|pixelware,0.92,product_34,unstructured,LP=0.983551;LPO=0.999814|PixelWare Tablet Lite 34 is manufactured by PixelWare. It is a tablet device. Comes with 8GB of RAM. Offers 256GB of internal storage. Battery lasts up to 24 hours. Weighs approximately 0.55kg. Noise cancellation: no.,unstructured,1
DEC036_A_llama-3.1-8b-instruct,train_kb,conservative_noisy_or_conflict_adjusted,PixelWare Tablet Lite 34,has_ram_gb,8,pixelware tablet lite 34|has_ram_gb|8,0.91,product_34,unstructured,LP=0.937317;LPO=0.999976|PixelWare Tablet Lite 34 is manufactured by PixelWare. It is a tablet device. Comes with 8GB of RAM. Offers 256GB of internal storage. Battery lasts up to 24 hours. Weighs approximately 0.55kg. Noise cancellation: no.,unstructured,1
DEC036_A_llama-3.1-8b-instruct,train_kb,conservative_noisy_or_conflict_adjusted,PixelWare Tablet Lite 34,has_storage_gb,256,pixelware tablet lite 34|has_storage_gb|256,0.91,product_34,unstructured,LP=0.999869;LPO=0.999991|PixelWare Tablet Lite 34 is manufactured by PixelWare. It is a tablet device. Comes with 8GB of RAM. Offers 256GB of internal storage. Battery lasts up to 24 hours. Weighs approximately 0.55kg. Noise cancellation: no.,unstructured,1
DEC036_A_llama-3.1-8b-instruct,train_kb,conservative_noisy_or_conflict_adjusted,PixelWare Tablet Lite 34,has_battery_life_hours,24,pixelware tablet lite 34|has_battery_life_hours|24,0.91,product_34,unstructured,LP=0.999917;LPO=0.999880|PixelWare Tablet Lite 34 is manufactured by PixelWare. It is a tablet device. Comes with 8GB of RAM. Offers 256GB of internal storage. Battery lasts up to 24 hours. Weighs approximately 0.55kg. Noise cancellation: no.,unstructured,1
DEC036_A_llama-3.1-8b-instruct,train_kb,conservative_noisy_or_conflict_adjusted,PixelWare Tablet Lite 34,has_weight_kg,0.55,pixelware tablet lite 34|has_weight_kg|0.55,0.91,product_34,unstructured,LP=0.999956;LPO=0.999776|PixelWare Tablet Lite 34 is manufactured by PixelWare. It is a tablet device. Comes with 8GB of RAM. Offers 256GB of internal storage. Battery lasts up to 24 hours. Weighs approximately 0.55kg. Noise cancellation: no.,unstructured,1
DEC036_A_llama-3.1-8b-instruct,train_kb,conservative_noisy_or_conflict_adjusted,PixelWare Tablet Lite 34,has_noise_cancellation,no,pixelware tablet lite 34|has_noise_cancellation|no,0.91,product_34,unstructured,LP=0.991725;LPO=0.977888|PixelWare Tablet Lite 34 is manufactured by PixelWare. It is a tablet device. Comes with 8GB of RAM. Offers 256GB of internal storage. Battery lasts up to 24 hours. Weighs approximately 0.55kg. Noise cancellation: no.,unstructured,1
DEC036_A_llama-3.1-8b-instruct,train_kb,conservative_noisy_or_conflict_adjusted,NeoTech Headphones Max 36,manufactured_by,NeoTech,neotech headphones max 36|manufactured_by|neotech,0.98,product_36,structured,structured_row:NeoTech Headphones Max 36,structured,1
DEC036_A_llama-3.1-8b-instruct,train_kb,conservative_noisy_or_conflict_adjusted,NeoTech Headphones Max 36,belongs_to_category,headphones,neotech headphones max 36|belongs_to_category|headphones,0.98,product_36,structured,structured_row:NeoTech Headphones Max 36,structured,1
DEC036_A_llama-3.1-8b-instruct,train_kb,conservative_noisy_or_conflict_adjusted,NeoTech Headphones Max 36,has_price_usd,499,neotech headphones max 36|has_price_usd|499,0.98,product_36,structured,structured_row:NeoTech Headphones Max 36,structured,1
DEC036_A_llama-3.1-8b-instruct,train_kb,conservative_noisy_or_conflict_adjusted,NeoTech Headphones Max 36,has_screen_size_inch,6.1,neotech headphones max 36|has_screen_size_inch|6.1,0.98,product_36,structured,structured_row:NeoTech Headphones Max 36,structured,1
DEC036_A_llama-3.1-8b-instruct,train_kb,conservative_noisy_or_conflict_adjusted,NeoTech Headphones Max 36,has_ram_gb,16,neotech headphones max 36|has_ram_gb|16,0.98,product_36,structured,structured_row:NeoTech Headphones Max 36,structured,1
DEC036_A_llama-3.1-8b-instruct,train_kb,conservative_noisy_or_conflict_adjusted,NeoTech Headphones Max 36,has_storage_gb,64,neotech headphones max 36|has_storage_gb|64,0.98,product_36,structured,structured_row:NeoTech Headphones Max 36,structured,1
DEC036_A_llama-3.1-8b-instruct,train_kb,conservative_noisy_or_conflict_adjusted,NeoTech Headphones Max 36,has_battery_life_hours,12,neotech headphones max 36|has_battery_life_hours|12,0.98,product_36,structured,structured_row:NeoTech Headphones Max 36,structured,1
DEC036_A_llama-3.1-8b-instruct,train_kb,conservative_noisy_or_conflict_adjusted,NeoTech Headphones Max 36,has_weight_kg,1.2,neotech headphones max 36|has_weight_kg|1.2,0.98,product_36,structured,structured_row:NeoTech Headphones Max 36,structured,1
DEC036_A_llama-3.1-8b-instruct,train_kb,conservative_noisy_or_conflict_adjusted,NeoTech Headphones Max 36,has_color,silver,neotech headphones max 36|has_color|silver,0.98,product_36,structured,structured_row:NeoTech Headphones Max 36,structured,1
DEC036_A_llama-3.1-8b-instruct,train_kb,conservative_noisy_or_conflict_adjusted,NeoTech Headphones Max 36,made_of_material,carbon fiber,neotech headphones max 36|made_of_material|carbon fiber,0.98,product_36,structured,structured_row:NeoTech Headphones Max 36,structured,1
DEC036_A_llama-3.1-8b-instruct,train_kb,conservative_noisy_or_conflict_adjusted,NeoTech Headphones Max 36,target_market_region,EU,neotech headphones max 36|target_market_region|eu,0.98,product_36,structured,structured_row:NeoTech Headphones Max 36,structured,1
DEC036_A_llama-3.1-8b-instruct,train_kb,conservative_noisy_or_conflict_adjusted,NeoTech Headphones Max 36,supports_fast_charging,no,neotech headphones max 36|supports_fast_charging|no,0.98,product_36,structured,structured_row:NeoTech Headphones Max 36,structured,1
DEC036_A_llama-3.1-8b-instruct,train_kb,conservative_noisy_or_conflict_adjusted,NeoTech Headphones Max 36,has_noise_cancellation,no,neotech headphones max 36|has_noise_cancellation|no,0.98,product_36,structured,structured_row:NeoTech Headphones Max 36,structured,1
DEC036_A_llama-3.1-8b-instruct,train_kb,conservative_noisy_or_conflict_adjusted,headphones device,belongs_to_category,headphones,headphones device|belongs_to_category|headphones,0.92,product_36,unstructured,LP=0.864222;LPO=0.985547|It is a headphones device. The display measures 6.1 inches. Offers 64GB of internal storage. Built with carbon fiber construction. Targeted at the EU market. Fast charging is no. Noise cancellation: no.,unstructured,1
DEC036_A_llama-3.1-8b-instruct,train_kb,conservative_noisy_or_conflict_adjusted,headphones device,has_screen_size_inch,6.1,headphones device|has_screen_size_inch|6.1,0.93,product_36,unstructured,LP=0.994065;LPO=0.996965|It is a headphones device. The display measures 6.1 inches. Offers 64GB of internal storage. Built with carbon fiber construction. Targeted at the EU market. Fast charging is no. Noise cancellation: no.,unstructured,1
DEC036_A_llama-3.1-8b-instruct,train_kb,conservative_noisy_or_conflict_adjusted,headphones device,has_storage_gb,64,headphones device|has_storage_gb|64,0.94,product_36,unstructured,LP=0.988892;LPO=0.999926|It is a headphones device. The display measures 6.1 inches. Offers 64GB of internal storage. Built with carbon fiber construction. Targeted at the EU market. Fast charging is no. Noise cancellation: no.,unstructured,1
DEC036_A_llama-3.1-8b-instruct,train_kb,conservative_noisy_or_conflict_adjusted,headphones device,made_of_material,carbon fiber,headphones device|made_of_material|carbon fiber,0.95,product_36,unstructured,LP=0.989047;LPO=0.998399|It is a headphones device. The display measures 6.1 inches. Offers 64GB of internal storage. Built with carbon fiber construction. Targeted at the EU market. Fast charging is no. Noise cancellation: no.,unstructured,1
DEC036_A_llama-3.1-8b-instruct,train_kb,conservative_noisy_or_conflict_adjusted,headphones device,target_market_region,EU market,headphones device|target_market_region|eu market,0.96,product_36,unstructured,LP=0.943569;LPO=0.631709|It is a headphones device. The display measures 6.1 inches. Offers 64GB of internal storage. Built with carbon fiber construction. Targeted at the EU market. Fast charging is no. Noise cancellation: no.,unstructured,1
DEC036_A_llama-3.1-8b-instruct,train_kb,conservative_noisy_or_conflict_adjusted,headphones device,supports_fast_charging,no,headphones device|supports_fast_charging|no,0.85,product_36,unstructured,LP=0.998432;LPO=0.990785|It is a headphones device. The display measures 6.1 inches. Offers 64GB of internal storage. Built with carbon fiber construction. Targeted at the EU market. Fast charging is no. Noise cancellation: no.,unstructured,1
DEC036_A_llama-3.1-8b-instruct,train_kb,conservative_noisy_or_conflict_adjusted,headphones device,has_noise_cancellation,no,headphones device|has_noise_cancellation|no,0.85,product_36,unstructured,LP=0.999952;LPO=0.999972|It is a headphones device. The display measures 6.1 inches. Offers 64GB of internal storage. Built with carbon fiber construction. Targeted at the EU market. Fast charging is no. Noise cancellation: no.,unstructured,1
DEC036_A_llama-3.1-8b-instruct,train_kb,conservative_noisy_or_conflict_adjusted,TechNova Headphones Lite 37,manufactured_by,TechNova,technova headphones lite 37|manufactured_by|technova,0.98,product_37,structured,structured_row:TechNova Headphones Lite 37,structured,1
DEC036_A_llama-3.1-8b-instruct,train_kb,conservative_noisy_or_conflict_adjusted,TechNova Headphones Lite 37,belongs_to_category,headphones,technova headphones lite 37|belongs_to_category|headphones,0.98,product_37,structured,structured_row:TechNova Headphones Lite 37,structured,1
DEC036_A_llama-3.1-8b-instruct,train_kb,conservative_noisy_or_conflict_adjusted,TechNova Headphones Lite 37,has_price_usd,1299,technova headphones lite 37|has_price_usd|1299,0.98,product_37,structured,structured_row:TechNova Headphones Lite 37,structured,1
DEC036_A_llama-3.1-8b-instruct,train_kb,conservative_noisy_or_conflict_adjusted,TechNova Headphones Lite 37,has_screen_size_inch,11.0,technova headphones lite 37|has_screen_size_inch|11.0,0.98,product_37,structured,structured_row:TechNova Headphones Lite 37,structured,1
DEC036_A_llama-3.1-8b-instruct,train_kb,conservative_noisy_or_conflict_adjusted,TechNova Headphones Lite 37,has_ram_gb,32,technova headphones lite 37|has_ram_gb|32,0.98,product_37,structured,structured_row:TechNova Headphones Lite 37,structured,1
DEC036_A_llama-3.1-8b-instruct,train_kb,conservative_noisy_or_conflict_adjusted,TechNova Headphones Lite 37,has_storage_gb,256,technova headphones lite 37|has_storage_gb|256,0.98,product_37,structured,structured_row:TechNova Headphones Lite 37,structured,1
DEC036_A_llama-3.1-8b-instruct,train_kb,conservative_noisy_or_conflict_adjusted,TechNova Headphones Lite 37,has_battery_life_hours,8,technova headphones lite 37|has_battery_life_hours|8,0.98,product_37,structured,structured_row:TechNova Headphones Lite 37,structured,1
DEC036_A_llama-3.1-8b-instruct,train_kb,conservative_noisy_or_conflict_adjusted,TechNova Headphones Lite 37,has_weight_kg,1.2,technova headphones lite 37|has_weight_kg|1.2,0.98,product_37,structured,structured_row:TechNova Headphones Lite 37,structured,1
DEC036_A_llama-3.1-8b-instruct,train_kb,conservative_noisy_or_conflict_adjusted,TechNova Headphones Lite 37,has_color,green,technova headphones lite 37|has_color|green,0.98,product_37,structured,structured_row:TechNova Headphones Lite 37,structured,1
DEC036_A_llama-3.1-8b-instruct,train_kb,conservative_noisy_or_conflict_adjusted,TechNova Headphones Lite 37,made_of_material,aluminum,technova headphones lite 37|made_of_material|aluminum,0.98,product_37,structured,structured_row:TechNova Headphones Lite 37,structured,1
DEC036_A_llama-3.1-8b-instruct,train_kb,conservative_noisy_or_conflict_adjusted,TechNova Headphones Lite 37,target_market_region,EU,technova headphones lite 37|target_market_region|eu,0.98,product_37,structured,structured_row:TechNova Headphones Lite 37,structured,1
DEC036_A_llama-3.1-8b-instruct,train_kb,conservative_noisy_or_conflict_adjusted,TechNova Headphones Lite 37,supports_fast_charging,no,technova headphones lite 37|supports_fast_charging|no,0.98,product_37,structured,structured_row:TechNova Headphones Lite 37,structured,1
DEC036_A_llama-3.1-8b-instruct,train_kb,conservative_noisy_or_conflict_adjusted,TechNova Headphones Lite 37,has_noise_cancellation,yes,technova headphones lite 37|has_noise_cancellation|yes,0.98,product_37,structured,structured_row:TechNova Headphones Lite 37,structured,1
DEC036_A_llama-3.1-8b-instruct,train_kb,conservative_noisy_or_conflict_adjusted,headphones device,has_storage_gb,256,headphones device|has_storage_gb|256,0.91,product_37,unstructured,LP=0.872257;LPO=0.999722|It is a headphones device. Offers 256GB of internal storage. Battery lasts up to 8 hours. Weighs approximately 1.2kg. Available in green. Fast charging is no. Noise cancellation: yes.,unstructured,1
DEC036_A_llama-3.1-8b-instruct,train_kb,conservative_noisy_or_conflict_adjusted,headphones device,has_battery_life_hours,8,headphones device|has_battery_life_hours|8,0.91,product_37,unstructured,LP=0.999186;LPO=0.996353|It is a headphones device. Offers 256GB of internal storage. Battery lasts up to 8 hours. Weighs approximately 1.2kg. Available in green. Fast charging is no. Noise cancellation: yes.,unstructured,1
DEC036_A_llama-3.1-8b-instruct,train_kb,conservative_noisy_or_conflict_adjusted,headphones device,has_weight_kg,1.2,headphones device|has_weight_kg|1.2,0.91,product_37,unstructured,LP=0.999846;LPO=0.998971|It is a headphones device. Offers 256GB of internal storage. Battery lasts up to 8 hours. Weighs approximately 1.2kg. Available in green. Fast charging is no. Noise cancellation: yes.,unstructured,1
DEC036_A_llama-3.1-8b-instruct,train_kb,conservative_noisy_or_conflict_adjusted,headphones device,has_color,green,headphones device|has_color|green,0.91,product_37,unstructured,LP=0.998338;LPO=0.999789|It is a headphones device. Offers 256GB of internal storage. Battery lasts up to 8 hours. Weighs approximately 1.2kg. Available in green. Fast charging is no. Noise cancellation: yes.,unstructured,1
DEC036_A_llama-3.1-8b-instruct,train_kb,conservative_noisy_or_conflict_adjusted,headphones device,supports_fast_charging,no,headphones device|supports_fast_charging|no,0.91,product_37,unstructured,LP=0.997423;LPO=0.982644|It is a headphones device. Offers 256GB of internal storage. Battery lasts up to 8 hours. Weighs approximately 1.2kg. Available in green. Fast charging is no. Noise cancellation: yes.,unstructured,1
DEC036_A_llama-3.1-8b-instruct,train_kb,conservative_noisy_or_conflict_adjusted,headphones device,has_noise_cancellation,yes,headphones device|has_noise_cancellation|yes,0.91,product_37,unstructured,LP=0.999440;LPO=0.999944|It is a headphones device. Offers 256GB of internal storage. Battery lasts up to 8 hours. Weighs approximately 1.2kg. Available in green. Fast charging is no. Noise cancellation: yes.,unstructured,1
DEC036_A_llama-3.1-8b-instruct,train_kb,conservative_noisy_or_conflict_adjusted,Zenbyte Tablet Lite 39,manufactured_by,Zenbyte,zenbyte tablet lite 39|manufactured_by|zenbyte,0.98,product_39,structured,structured_row:Zenbyte Tablet Lite 39,structured,1
DEC036_A_llama-3.1-8b-instruct,train_kb,conservative_noisy_or_conflict_adjusted,Zenbyte Tablet Lite 39,belongs_to_category,tablet,zenbyte tablet lite 39|belongs_to_category|tablet,0.98,product_39,structured,structured_row:Zenbyte Tablet Lite 39,structured,1
DEC036_A_llama-3.1-8b-instruct,train_kb,conservative_noisy_or_conflict_adjusted,Zenbyte Tablet Lite 39,has_price_usd,199,zenbyte tablet lite 39|has_price_usd|199,0.98,product_39,structured,structured_row:Zenbyte Tablet Lite 39,structured,1
DEC036_A_llama-3.1-8b-instruct,train_kb,conservative_noisy_or_conflict_adjusted,Zenbyte Tablet Lite 39,has_screen_size_inch,11.0,zenbyte tablet lite 39|has_screen_size_inch|11.0,0.98,product_39,structured,structured_row:Zenbyte Tablet Lite 39,structured,1
DEC036_A_llama-3.1-8b-instruct,train_kb,conservative_noisy_or_conflict_adjusted,Zenbyte Tablet Lite 39,has_ram_gb,8,zenbyte tablet lite 39|has_ram_gb|8,0.98,product_39,structured,structured_row:Zenbyte Tablet Lite 39,structured,1
DEC036_A_llama-3.1-8b-instruct,train_kb,conservative_noisy_or_conflict_adjusted,Zenbyte Tablet Lite 39,has_storage_gb,128,zenbyte tablet lite 39|has_storage_gb|128,0.98,product_39,structured,structured_row:Zenbyte Tablet Lite 39,structured,1
DEC036_A_llama-3.1-8b-instruct,train_kb,conservative_noisy_or_conflict_adjusted,Zenbyte Tablet Lite 39,has_battery_life_hours,14,zenbyte tablet lite 39|has_battery_life_hours|14,0.98,product_39,structured,structured_row:Zenbyte Tablet Lite 39,structured,1
DEC036_A_llama-3.1-8b-instruct,train_kb,conservative_noisy_or_conflict_adjusted,Zenbyte Tablet Lite 39,has_weight_kg,0.23,zenbyte tablet lite 39|has_weight_kg|0.23,0.98,product_39,structured,structured_row:Zenbyte Tablet Lite 39,structured,1
DEC036_A_llama-3.1-8b-instruct,train_kb,conservative_noisy_or_conflict_adjusted,Zenbyte Tablet Lite 39,has_color,green,zenbyte tablet lite 39|has_color|green,0.98,product_39,structured,structured_row:Zenbyte Tablet Lite 39,structured,1
DEC036_A_llama-3.1-8b-instruct,train_kb,conservative_noisy_or_conflict_adjusted,Zenbyte Tablet Lite 39,made_of_material,carbon fiber,zenbyte tablet lite 39|made_of_material|carbon fiber,0.98,product_39,structured,structured_row:Zenbyte Tablet Lite 39,structured,1
DEC036_A_llama-3.1-8b-instruct,train_kb,conservative_noisy_or_conflict_adjusted,Zenbyte Tablet Lite 39,target_market_region,Global,zenbyte tablet lite 39|target_market_region|global,0.98,product_39,structured,structured_row:Zenbyte Tablet Lite 39,structured,1
DEC036_A_llama-3.1-8b-instruct,train_kb,conservative_noisy_or_conflict_adjusted,Zenbyte Tablet Lite 39,supports_fast_charging,no,zenbyte tablet lite 39|supports_fast_charging|no,0.98,product_39,structured,structured_row:Zenbyte Tablet Lite 39,structured,1
DEC036_A_llama-3.1-8b-instruct,train_kb,conservative_noisy_or_conflict_adjusted,Zenbyte Tablet Lite 39,has_noise_cancellation,no,zenbyte tablet lite 39|has_noise_cancellation|no,0.98,product_39,structured,structured_row:Zenbyte Tablet Lite 39,structured,1
DEC036_A_llama-3.1-8b-instruct,train_kb,conservative_noisy_or_conflict_adjusted,Zenbyte Tablet Lite 39,manufactured_by,Zenbyte,zenbyte tablet lite 39|manufactured_by|zenbyte,0.95,product_39,unstructured,LP=0.960456;LPO=0.999916|Zenbyte Tablet Lite 39 is manufactured by Zenbyte. Comes with 8GB of RAM. Offers 128GB of internal storage. Available in green. Built with carbon fiber construction. Fast charging is no. Noise cancellation: no.,unstructured,1
DEC036_A_llama-3.1-8b-instruct,train_kb,conservative_noisy_or_conflict_adjusted,Zenbyte Tablet Lite 39,has_ram_gb,8,zenbyte tablet lite 39|has_ram_gb|8,0.91,product_39,unstructured,LP=0.996439;LPO=0.999958|Zenbyte Tablet Lite 39 is manufactured by Zenbyte. Comes with 8GB of RAM. Offers 128GB of internal storage. Available in green. Built with carbon fiber construction. Fast charging is no. Noise cancellation: no.,unstructured,1
DEC036_A_llama-3.1-8b-instruct,train_kb,conservative_noisy_or_conflict_adjusted,Zenbyte Tablet Lite 39,has_storage_gb,128,zenbyte tablet lite 39|has_storage_gb|128,0.92,product_39,unstructured,LP=0.999851;LPO=0.999996|Zenbyte Tablet Lite 39 is manufactured by Zenbyte. Comes with 8GB of RAM. Offers 128GB of internal storage. Available in green. Built with carbon fiber construction. Fast charging is no. Noise cancellation: no.,unstructured,1
DEC036_A_llama-3.1-8b-instruct,train_kb,conservative_noisy_or_conflict_adjusted,Zenbyte Tablet Lite 39,has_color,green,zenbyte tablet lite 39|has_color|green,0.93,product_39,unstructured,LP=0.995341;LPO=0.999407|Zenbyte Tablet Lite 39 is manufactured by Zenbyte. Comes with 8GB of RAM. Offers 128GB of internal storage. Available in green. Built with carbon fiber construction. Fast charging is no. Noise cancellation: no.,unstructured,1
DEC036_A_llama-3.1-8b-instruct,train_kb,conservative_noisy_or_conflict_adjusted,Zenbyte Tablet Lite 39,made_of_material,carbon fiber,zenbyte tablet lite 39|made_of_material|carbon fiber,0.94,product_39,unstructured,LP=0.999644;LPO=0.997429|Zenbyte Tablet Lite 39 is manufactured by Zenbyte. Comes with 8GB of RAM. Offers 128GB of internal storage. Available in green. Built with carbon fiber construction. Fast charging is no. Noise cancellation: no.,unstructured,1
DEC036_A_llama-3.1-8b-instruct,train_kb,conservative_noisy_or_conflict_adjusted,Zenbyte Tablet Lite 39,supports_fast_charging,no,zenbyte tablet lite 39|supports_fast_charging|no,0.88,product_39,unstructured,LP=0.998866;LPO=0.988540|Zenbyte Tablet Lite 39 is manufactured by Zenbyte. Comes with 8GB of RAM. Offers 128GB of internal storage. Available in green. Built with carbon fiber construction. Fast charging is no. Noise cancellation: no.,unstructured,1
DEC036_A_llama-3.1-8b-instruct,train_kb,conservative_noisy_or_conflict_adjusted,Zenbyte Tablet Lite 39,has_noise_cancellation,no,zenbyte tablet lite 39|has_noise_cancellation|no,0.89,product_39,unstructured,LP=0.999944;LPO=0.999991|Zenbyte Tablet Lite 39 is manufactured by Zenbyte. Comes with 8GB of RAM. Offers 128GB of internal storage. Available in green. Built with carbon fiber construction. Fast charging is no. Noise cancellation: no.,unstructured,1
DEC036_A_llama-3.1-8b-instruct,train_kb,conservative_noisy_or_conflict_adjusted,Auralex Laptop Air 40,manufactured_by,Auralex,auralex laptop air 40|manufactured_by|auralex,0.98,product_40,structured,structured_row:Auralex Laptop Air 40,structured,1
DEC036_A_llama-3.1-8b-instruct,train_kb,conservative_noisy_or_conflict_adjusted,Auralex Laptop Air 40,belongs_to_category,laptop,auralex laptop air 40|belongs_to_category|laptop,0.98,product_40,structured,structured_row:Auralex Laptop Air 40,structured,1
DEC036_A_llama-3.1-8b-instruct,train_kb,conservative_noisy_or_conflict_adjusted,Auralex Laptop Air 40,has_price_usd,1299,auralex laptop air 40|has_price_usd|1299,0.98,product_40,structured,structured_row:Auralex Laptop Air 40,structured,1
DEC036_A_llama-3.1-8b-instruct,train_kb,conservative_noisy_or_conflict_adjusted,Auralex Laptop Air 40,has_screen_size_inch,15.6,auralex laptop air 40|has_screen_size_inch|15.6,0.98,product_40,structured,structured_row:Auralex Laptop Air 40,structured,1
DEC036_A_llama-3.1-8b-instruct,train_kb,conservative_noisy_or_conflict_adjusted,Auralex Laptop Air 40,has_ram_gb,6,auralex laptop air 40|has_ram_gb|6,0.98,product_40,structured,structured_row:Auralex Laptop Air 40,structured,1
DEC036_A_llama-3.1-8b-instruct,train_kb,conservative_noisy_or_conflict_adjusted,Auralex Laptop Air 40,has_storage_gb,512,auralex laptop air 40|has_storage_gb|512,0.98,product_40,structured,structured_row:Auralex Laptop Air 40,structured,1
DEC036_A_llama-3.1-8b-instruct,train_kb,conservative_noisy_or_conflict_adjusted,Auralex Laptop Air 40,has_battery_life_hours,20,auralex laptop air 40|has_battery_life_hours|20,0.98,product_40,structured,structured_row:Auralex Laptop Air 40,structured,1
DEC036_A_llama-3.1-8b-instruct,train_kb,conservative_noisy_or_conflict_adjusted,Auralex Laptop Air 40,has_weight_kg,1.45,auralex laptop air 40|has_weight_kg|1.45,0.98,product_40,structured,structured_row:Auralex Laptop Air 40,structured,1
DEC036_A_llama-3.1-8b-instruct,train_kb,conservative_noisy_or_conflict_adjusted,Auralex Laptop Air 40,has_color,silver,auralex laptop air 40|has_color|silver,0.98,product_40,structured,structured_row:Auralex Laptop Air 40,structured,1
DEC036_A_llama-3.1-8b-instruct,train_kb,conservative_noisy_or_conflict_adjusted,Auralex Laptop Air 40,made_of_material,carbon fiber,auralex laptop air 40|made_of_material|carbon fiber,0.98,product_40,structured,structured_row:Auralex Laptop Air 40,structured,1
DEC036_A_llama-3.1-8b-instruct,train_kb,conservative_noisy_or_conflict_adjusted,Auralex Laptop Air 40,target_market_region,Global,auralex laptop air 40|target_market_region|global,0.98,product_40,structured,structured_row:Auralex Laptop Air 40,structured,1
DEC036_A_llama-3.1-8b-instruct,train_kb,conservative_noisy_or_conflict_adjusted,Auralex Laptop Air 40,supports_fast_charging,no,auralex laptop air 40|supports_fast_charging|no,0.98,product_40,structured,structured_row:Auralex Laptop Air 40,structured,1
DEC036_A_llama-3.1-8b-instruct,train_kb,conservative_noisy_or_conflict_adjusted,Auralex Laptop Air 40,has_noise_cancellation,no,auralex laptop air 40|has_noise_cancellation|no,0.98,product_40,structured,structured_row:Auralex Laptop Air 40,structured,1
DEC036_A_llama-3.1-8b-instruct,train_kb,conservative_noisy_or_conflict_adjusted,Auralex Laptop Air 40,manufactured_by,Auralex,auralex laptop air 40|manufactured_by|auralex,0.95,product_40,unstructured,LP=0.981951;LPO=0.999983|Auralex Laptop Air 40 is manufactured by Auralex. It is a laptop device. The display measures 15.6 inches. Comes with 6GB of RAM. Offers 512GB of internal storage. Battery lasts up to 20 hours. Weighs approximately 1.45kg.,unstructured,1
DEC036_A_llama-3.1-8b-instruct,train_kb,conservative_noisy_or_conflict_adjusted,Auralex Laptop Air 40,has_screen_size_inch,15.6,auralex laptop air 40|has_screen_size_inch|15.6,0.92,product_40,unstructured,LP=0.970381;LPO=0.999907|Auralex Laptop Air 40 is manufactured by Auralex. It is a laptop device. The display measures 15.6 inches. Comes with 6GB of RAM. Offers 512GB of internal storage. Battery lasts up to 20 hours. Weighs approximately 1.45kg.,unstructured,1
DEC036_A_llama-3.1-8b-instruct,train_kb,conservative_noisy_or_conflict_adjusted,Auralex Laptop Air 40,has_ram_gb,6,auralex laptop air 40|has_ram_gb|6,0.93,product_40,unstructured,LP=0.999117;LPO=0.999911|Auralex Laptop Air 40 is manufactured by Auralex. It is a laptop device. The display measures 15.6 inches. Comes with 6GB of RAM. Offers 512GB of internal storage. Battery lasts up to 20 hours. Weighs approximately 1.45kg.,unstructured,1
DEC036_A_llama-3.1-8b-instruct,train_kb,conservative_noisy_or_conflict_adjusted,Auralex Laptop Air 40,has_storage_gb,512,auralex laptop air 40|has_storage_gb|512,0.94,product_40,unstructured,LP=0.999705;LPO=0.998539|Auralex Laptop Air 40 is manufactured by Auralex. It is a laptop device. The display measures 15.6 inches. Comes with 6GB of RAM. Offers 512GB of internal storage. Battery lasts up to 20 hours. Weighs approximately 1.45kg.,unstructured,1
DEC036_A_llama-3.1-8b-instruct,train_kb,conservative_noisy_or_conflict_adjusted,Auralex Laptop Air 40,has_battery_life_hours,20,auralex laptop air 40|has_battery_life_hours|20,0.9,product_40,unstructured,LP=0.999954;LPO=0.999885|Auralex Laptop Air 40 is manufactured by Auralex. It is a laptop device. The display measures 15.6 inches. Comes with 6GB of RAM. Offers 512GB of internal storage. Battery lasts up to 20 hours. Weighs approximately 1.45kg.,unstructured,1
DEC036_A_llama-3.1-8b-instruct,train_kb,conservative_noisy_or_conflict_adjusted,Auralex Laptop Air 40,has_weight_kg,1.45,auralex laptop air 40|has_weight_kg|1.45,0.96,product_40,unstructured,LP=0.999987;LPO=0.999967|Auralex Laptop Air 40 is manufactured by Auralex. It is a laptop device. The display measures 15.6 inches. Comes with 6GB of RAM. Offers 512GB of internal storage. Battery lasts up to 20 hours. Weighs approximately 1.45kg.,unstructured,1
DEC036_A_llama-3.1-8b-instruct,train_kb,conservative_noisy_or_conflict_adjusted,NeoTech Laptop Plus 41,manufactured_by,NeoTech,neotech laptop plus 41|manufactured_by|neotech,0.98,product_41,structured,structured_row:NeoTech Laptop Plus 41,structured,1
DEC036_A_llama-3.1-8b-instruct,train_kb,conservative_noisy_or_conflict_adjusted,NeoTech Laptop Plus 41,belongs_to_category,laptop,neotech laptop plus 41|belongs_to_category|laptop,0.98,product_41,structured,structured_row:NeoTech Laptop Plus 41,structured,1
DEC036_A_llama-3.1-8b-instruct,train_kb,conservative_noisy_or_conflict_adjusted,NeoTech Laptop Plus 41,has_price_usd,1299,neotech laptop plus 41|has_price_usd|1299,0.98,product_41,structured,structured_row:NeoTech Laptop Plus 41,structured,1
DEC036_A_llama-3.1-8b-instruct,train_kb,conservative_noisy_or_conflict_adjusted,NeoTech Laptop Plus 41,has_screen_size_inch,10.9,neotech laptop plus 41|has_screen_size_inch|10.9,0.98,product_41,structured,structured_row:NeoTech Laptop Plus 41,structured,1
DEC036_A_llama-3.1-8b-instruct,train_kb,conservative_noisy_or_conflict_adjusted,NeoTech Laptop Plus 41,has_ram_gb,12,neotech laptop plus 41|has_ram_gb|12,0.98,product_41,structured,structured_row:NeoTech Laptop Plus 41,structured,1
DEC036_A_llama-3.1-8b-instruct,train_kb,conservative_noisy_or_conflict_adjusted,NeoTech Laptop Plus 41,has_storage_gb,1024,neotech laptop plus 41|has_storage_gb|1024,0.98,product_41,structured,structured_row:NeoTech Laptop Plus 41,structured,1
DEC036_A_llama-3.1-8b-instruct,train_kb,conservative_noisy_or_conflict_adjusted,NeoTech Laptop Plus 41,has_battery_life_hours,12,neotech laptop plus 41|has_battery_life_hours|12,0.98,product_41,structured,structured_row:NeoTech Laptop Plus 41,structured,1
DEC036_A_llama-3.1-8b-instruct,train_kb,conservative_noisy_or_conflict_adjusted,NeoTech Laptop Plus 41,has_weight_kg,0.42,neotech laptop plus 41|has_weight_kg|0.42,0.98,product_41,structured,structured_row:NeoTech Laptop Plus 41,structured,1
DEC036_A_llama-3.1-8b-instruct,train_kb,conservative_noisy_or_conflict_adjusted,NeoTech Laptop Plus 41,has_color,green,neotech laptop plus 41|has_color|green,0.98,product_41,structured,structured_row:NeoTech Laptop Plus 41,structured,1
DEC036_A_llama-3.1-8b-instruct,train_kb,conservative_noisy_or_conflict_adjusted,NeoTech Laptop Plus 41,made_of_material,plastic,neotech laptop plus 41|made_of_material|plastic,0.98,product_41,structured,structured_row:NeoTech Laptop Plus 41,structured,1
DEC036_A_llama-3.1-8b-instruct,train_kb,conservative_noisy_or_conflict_adjusted,NeoTech Laptop Plus 41,target_market_region,Global,neotech laptop plus 41|target_market_region|global,0.98,product_41,structured,structured_row:NeoTech Laptop Plus 41,structured,1
DEC036_A_llama-3.1-8b-instruct,train_kb,conservative_noisy_or_conflict_adjusted,NeoTech Laptop Plus 41,supports_fast_charging,no,neotech laptop plus 41|supports_fast_charging|no,0.98,product_41,structured,structured_row:NeoTech Laptop Plus 41,structured,1
DEC036_A_llama-3.1-8b-instruct,train_kb,conservative_noisy_or_conflict_adjusted,NeoTech Laptop Plus 41,has_noise_cancellation,no,neotech laptop plus 41|has_noise_cancellation|no,0.98,product_41,structured,structured_row:NeoTech Laptop Plus 41,structured,1
DEC036_A_llama-3.1-8b-instruct,train_kb,conservative_noisy_or_conflict_adjusted,laptop device,has_price_usd,1299,laptop device|has_price_usd|1299,0.91,product_41,unstructured,LP=0.817637;LPO=0.988647|It is a laptop device. Priced at 1299 USD. The display measures 10.9 inches. Comes with 12GB of RAM. Built with plastic construction. Fast charging is no. Noise cancellation: no.,unstructured,1
DEC036_A_llama-3.1-8b-instruct,train_kb,conservative_noisy_or_conflict_adjusted,laptop device,has_screen_size_inch,10.9,laptop device|has_screen_size_inch|10.9,0.91,product_41,unstructured,LP=0.998771;LPO=0.999422|It is a laptop device. Priced at 1299 USD. The display measures 10.9 inches. Comes with 12GB of RAM. Built with plastic construction. Fast charging is no. Noise cancellation: no.,unstructured,1
DEC036_A_llama-3.1-8b-instruct,train_kb,conservative_noisy_or_conflict_adjusted,laptop device,has_ram_gb,12,laptop device|has_ram_gb|12,0.91,product_41,unstructured,LP=0.999619;LPO=0.999897|It is a laptop device. Priced at 1299 USD. The display measures 10.9 inches. Comes with 12GB of RAM. Built with plastic construction. Fast charging is no. Noise cancellation: no.,unstructured,1
DEC036_A_llama-3.1-8b-instruct,train_kb,conservative_noisy_or_conflict_adjusted,laptop device,has_battery_life_hours,0,laptop device|has_battery_life_hours|0,0.91,product_41,unstructured,LP=0.733214;LPO=0.250393|It is a laptop device. Priced at 1299 USD. The display measures 10.9 inches. Comes with 12GB of RAM. Built with plastic construction. Fast charging is no. Noise cancellation: no.,unstructured,1
DEC036_A_llama-3.1-8b-instruct,train_kb,conservative_noisy_or_conflict_adjusted,laptop device,has_weight_kg,0,laptop device|has_weight_kg|0,0.91,product_41,unstructured,LP=0.947030;LPO=0.977061|It is a laptop device. Priced at 1299 USD. The display measures 10.9 inches. Comes with 12GB of RAM. Built with plastic construction. Fast charging is no. Noise cancellation: no.,unstructured,1
DEC036_A_llama-3.1-8b-instruct,train_kb,conservative_noisy_or_conflict_adjusted,laptop device,has_color,0,laptop device|has_color|0,0.91,product_41,unstructured,LP=0.902681;LPO=0.721412|It is a laptop device. Priced at 1299 USD. The display measures 10.9 inches. Comes with 12GB of RAM. Built with plastic construction. Fast charging is no. Noise cancellation: no.,unstructured,1
DEC036_A_llama-3.1-8b-instruct,train_kb,conservative_noisy_or_conflict_adjusted,laptop device,made_of_material,plastic,laptop device|made_of_material|plastic,0.91,product_41,unstructured,LP=0.989835;LPO=0.999452|It is a laptop device. Priced at 1299 USD. The display measures 10.9 inches. Comes with 12GB of RAM. Built with plastic construction. Fast charging is no. Noise cancellation: no.,unstructured,1
DEC036_A_llama-3.1-8b-instruct,train_kb,conservative_noisy_or_conflict_adjusted,laptop device,supports_fast_charging,no,laptop device|supports_fast_charging|no,0.91,product_41,unstructured,LP=0.976998;LPO=0.836095|It is a laptop device. Priced at 1299 USD. The display measures 10.9 inches. Comes with 12GB of RAM. Built with plastic construction. Fast charging is no. Noise cancellation: no.,unstructured,1
DEC036_A_llama-3.1-8b-instruct,train_kb,conservative_noisy_or_conflict_adjusted,laptop device,has_noise_cancellation,no,laptop device|has_noise_cancellation|no,0.91,product_41,unstructured,LP=0.999639;LPO=0.997711|It is a laptop device. Priced at 1299 USD. The display measures 10.9 inches. Comes with 12GB of RAM. Built with plastic construction. Fast charging is no. Noise cancellation: no.,unstructured,1
DEC036_A_llama-3.1-8b-instruct,train_kb,conservative_noisy_or_conflict_adjusted,TechNova Smartphone Pro 43,manufactured_by,TechNova,technova smartphone pro 43|manufactured_by|technova,0.98,product_43,structured,structured_row:TechNova Smartphone Pro 43,structured,1
DEC036_A_llama-3.1-8b-instruct,train_kb,conservative_noisy_or_conflict_adjusted,TechNova Smartphone Pro 43,belongs_to_category,smartphone,technova smartphone pro 43|belongs_to_category|smartphone,0.98,product_43,structured,structured_row:TechNova Smartphone Pro 43,structured,1
DEC036_A_llama-3.1-8b-instruct,train_kb,conservative_noisy_or_conflict_adjusted,TechNova Smartphone Pro 43,has_price_usd,199,technova smartphone pro 43|has_price_usd|199,0.98,product_43,structured,structured_row:TechNova Smartphone Pro 43,structured,1
DEC036_A_llama-3.1-8b-instruct,train_kb,conservative_noisy_or_conflict_adjusted,TechNova Smartphone Pro 43,has_screen_size_inch,13.3,technova smartphone pro 43|has_screen_size_inch|13.3,0.98,product_43,structured,structured_row:TechNova Smartphone Pro 43,structured,1
DEC036_A_llama-3.1-8b-instruct,train_kb,conservative_noisy_or_conflict_adjusted,TechNova Smartphone Pro 43,has_ram_gb,8,technova smartphone pro 43|has_ram_gb|8,0.98,product_43,structured,structured_row:TechNova Smartphone Pro 43,structured,1
DEC036_A_llama-3.1-8b-instruct,train_kb,conservative_noisy_or_conflict_adjusted,TechNova Smartphone Pro 43,has_storage_gb,128,technova smartphone pro 43|has_storage_gb|128,0.98,product_43,structured,structured_row:TechNova Smartphone Pro 43,structured,1
DEC036_A_llama-3.1-8b-instruct,train_kb,conservative_noisy_or_conflict_adjusted,TechNova Smartphone Pro 43,has_battery_life_hours,20,technova smartphone pro 43|has_battery_life_hours|20,0.98,product_43,structured,structured_row:TechNova Smartphone Pro 43,structured,1
DEC036_A_llama-3.1-8b-instruct,train_kb,conservative_noisy_or_conflict_adjusted,TechNova Smartphone Pro 43,has_weight_kg,1.8,technova smartphone pro 43|has_weight_kg|1.8,0.98,product_43,structured,structured_row:TechNova Smartphone Pro 43,structured,1
DEC036_A_llama-3.1-8b-instruct,train_kb,conservative_noisy_or_conflict_adjusted,TechNova Smartphone Pro 43,has_color,green,technova smartphone pro 43|has_color|green,0.98,product_43,structured,structured_row:TechNova Smartphone Pro 43,structured,1
DEC036_A_llama-3.1-8b-instruct,train_kb,conservative_noisy_or_conflict_adjusted,TechNova Smartphone Pro 43,made_of_material,aluminum,technova smartphone pro 43|made_of_material|aluminum,0.98,product_43,structured,structured_row:TechNova Smartphone Pro 43,structured,1
DEC036_A_llama-3.1-8b-instruct,train_kb,conservative_noisy_or_conflict_adjusted,TechNova Smartphone Pro 43,target_market_region,APAC,technova smartphone pro 43|target_market_region|apac,0.98,product_43,structured,structured_row:TechNova Smartphone Pro 43,structured,1
DEC036_A_llama-3.1-8b-instruct,train_kb,conservative_noisy_or_conflict_adjusted,TechNova Smartphone Pro 43,supports_fast_charging,no,technova smartphone pro 43|supports_fast_charging|no,0.98,product_43,structured,structured_row:TechNova Smartphone Pro 43,structured,1
DEC036_A_llama-3.1-8b-instruct,train_kb,conservative_noisy_or_conflict_adjusted,TechNova Smartphone Pro 43,has_noise_cancellation,no,technova smartphone pro 43|has_noise_cancellation|no,0.98,product_43,structured,structured_row:TechNova Smartphone Pro 43,structured,1
DEC036_A_llama-3.1-8b-instruct,train_kb,conservative_noisy_or_conflict_adjusted,TechNova Smartphone Pro 43,manufactured_by,TechNova,technova smartphone pro 43|manufactured_by|technova,0.95,product_43,unstructured,LP=0.960638;LPO=0.999846|TechNova Smartphone Pro 43 is manufactured by TechNova. It is a smartphone device. The display measures 13.3 inches. Comes with 8GB of RAM. Weighs approximately 1.8kg. Available in green. Built with aluminum construction.,unstructured,1
DEC036_A_llama-3.1-8b-instruct,train_kb,conservative_noisy_or_conflict_adjusted,TechNova Smartphone Pro 43,belongs_to_category,smartphone device,technova smartphone pro 43|belongs_to_category|smartphone device,0.92,product_43,unstructured,LP=0.929919;LPO=0.528364|TechNova Smartphone Pro 43 is manufactured by TechNova. It is a smartphone device. The display measures 13.3 inches. Comes with 8GB of RAM. Weighs approximately 1.8kg. Available in green. Built with aluminum construction.,unstructured,1
DEC036_A_llama-3.1-8b-instruct,train_kb,conservative_noisy_or_conflict_adjusted,TechNova Smartphone Pro 43,has_screen_size_inch,13.3,technova smartphone pro 43|has_screen_size_inch|13.3,0.94,product_43,unstructured,LP=0.998591;LPO=0.998315|TechNova Smartphone Pro 43 is manufactured by TechNova. It is a smartphone device. The display measures 13.3 inches. Comes with 8GB of RAM. Weighs approximately 1.8kg. Available in green. Built with aluminum construction.,unstructured,1
DEC036_A_llama-3.1-8b-instruct,train_kb,conservative_noisy_or_conflict_adjusted,TechNova Smartphone Pro 43,has_ram_gb,8,technova smartphone pro 43|has_ram_gb|8,0.91,product_43,unstructured,LP=0.999461;LPO=0.999994|TechNova Smartphone Pro 43 is manufactured by TechNova. It is a smartphone device. The display measures 13.3 inches. Comes with 8GB of RAM. Weighs approximately 1.8kg. Available in green. Built with aluminum construction.,unstructured,1
DEC036_A_llama-3.1-8b-instruct,train_kb,conservative_noisy_or_conflict_adjusted,TechNova Smartphone Pro 43,has_weight_kg,1.8,technova smartphone pro 43|has_weight_kg|1.8,0.9,product_43,unstructured,LP=0.999767;LPO=0.999521|TechNova Smartphone Pro 43 is manufactured by TechNova. It is a smartphone device. The display measures 13.3 inches. Comes with 8GB of RAM. Weighs approximately 1.8kg. Available in green. Built with aluminum construction.,unstructured,1
DEC036_A_llama-3.1-8b-instruct,train_kb,conservative_noisy_or_conflict_adjusted,TechNova Smartphone Pro 43,has_color,green,technova smartphone pro 43|has_color|green,0.88,product_43,unstructured,LP=0.999406;LPO=0.999964|TechNova Smartphone Pro 43 is manufactured by TechNova. It is a smartphone device. The display measures 13.3 inches. Comes with 8GB of RAM. Weighs approximately 1.8kg. Available in green. Built with aluminum construction.,unstructured,1
DEC036_A_llama-3.1-8b-instruct,train_kb,conservative_noisy_or_conflict_adjusted,TechNova Smartphone Pro 43,made_of_material,aluminum,technova smartphone pro 43|made_of_material|aluminum,0.89,product_43,unstructured,LP=0.999817;LPO=0.999850|TechNova Smartphone Pro 43 is manufactured by TechNova. It is a smartphone device. The display measures 13.3 inches. Comes with 8GB of RAM. Weighs approximately 1.8kg. Available in green. Built with aluminum construction.,unstructured,1
DEC036_A_llama-3.1-8b-instruct,train_kb,conservative_noisy_or_conflict_adjusted,PixelWare Headphones Pro 44,manufactured_by,PixelWare,pixelware headphones pro 44|manufactured_by|pixelware,0.98,product_44,structured,structured_row:PixelWare Headphones Pro 44,structured,1
DEC036_A_llama-3.1-8b-instruct,train_kb,conservative_noisy_or_conflict_adjusted,PixelWare Headphones Pro 44,belongs_to_category,headphones,pixelware headphones pro 44|belongs_to_category|headphones,0.98,product_44,structured,structured_row:PixelWare Headphones Pro 44,structured,1
DEC036_A_llama-3.1-8b-instruct,train_kb,conservative_noisy_or_conflict_adjusted,PixelWare Headphones Pro 44,has_price_usd,249,pixelware headphones pro 44|has_price_usd|249,0.98,product_44,structured,structured_row:PixelWare Headphones Pro 44,structured,1
DEC036_A_llama-3.1-8b-instruct,train_kb,conservative_noisy_or_conflict_adjusted,PixelWare Headphones Pro 44,has_screen_size_inch,11.0,pixelware headphones pro 44|has_screen_size_inch|11.0,0.98,product_44,structured,structured_row:PixelWare Headphones Pro 44,structured,1
DEC036_A_llama-3.1-8b-instruct,train_kb,conservative_noisy_or_conflict_adjusted,PixelWare Headphones Pro 44,has_ram_gb,12,pixelware headphones pro 44|has_ram_gb|12,0.98,product_44,structured,structured_row:PixelWare Headphones Pro 44,structured,1
DEC036_A_llama-3.1-8b-instruct,train_kb,conservative_noisy_or_conflict_adjusted,PixelWare Headphones Pro 44,has_storage_gb,64,pixelware headphones pro 44|has_storage_gb|64,0.98,product_44,structured,structured_row:PixelWare Headphones Pro 44,structured,1
DEC036_A_llama-3.1-8b-instruct,train_kb,conservative_noisy_or_conflict_adjusted,PixelWare Headphones Pro 44,has_battery_life_hours,18,pixelware headphones pro 44|has_battery_life_hours|18,0.98,product_44,structured,structured_row:PixelWare Headphones Pro 44,structured,1
DEC036_A_llama-3.1-8b-instruct,train_kb,conservative_noisy_or_conflict_adjusted,PixelWare Headphones Pro 44,has_weight_kg,1.45,pixelware headphones pro 44|has_weight_kg|1.45,0.98,product_44,structured,structured_row:PixelWare Headphones Pro 44,structured,1
DEC036_A_llama-3.1-8b-instruct,train_kb,conservative_noisy_or_conflict_adjusted,PixelWare Headphones Pro 44,has_color,black,pixelware headphones pro 44|has_color|black,0.98,product_44,structured,structured_row:PixelWare Headphones Pro 44,structured,1
DEC036_A_llama-3.1-8b-instruct,train_kb,conservative_noisy_or_conflict_adjusted,PixelWare Headphones Pro 44,made_of_material,plastic,pixelware headphones pro 44|made_of_material|plastic,0.98,product_44,structured,structured_row:PixelWare Headphones Pro 44,structured,1
DEC036_A_llama-3.1-8b-instruct,train_kb,conservative_noisy_or_conflict_adjusted,PixelWare Headphones Pro 44,target_market_region,Global,pixelware headphones pro 44|target_market_region|global,0.98,product_44,structured,structured_row:PixelWare Headphones Pro 44,structured,1
DEC036_A_llama-3.1-8b-instruct,train_kb,conservative_noisy_or_conflict_adjusted,PixelWare Headphones Pro 44,supports_fast_charging,yes,pixelware headphones pro 44|supports_fast_charging|yes,0.98,product_44,structured,structured_row:PixelWare Headphones Pro 44,structured,1
DEC036_A_llama-3.1-8b-instruct,train_kb,conservative_noisy_or_conflict_adjusted,PixelWare Headphones Pro 44,has_noise_cancellation,yes,pixelware headphones pro 44|has_noise_cancellation|yes,0.98,product_44,structured,structured_row:PixelWare Headphones Pro 44,structured,1
DEC036_A_llama-3.1-8b-instruct,train_kb,conservative_noisy_or_conflict_adjusted,headphones device,has_price_usd,249,headphones device|has_price_usd|249,0.91,product_44,unstructured,LP=0.874872;LPO=0.997718|It is a headphones device. Priced at 249 USD. The display measures 11.0 inches. Comes with 12GB of RAM. Built with plastic construction. Targeted at the Global market. Fast charging is yes.,unstructured,1
DEC036_A_llama-3.1-8b-instruct,train_kb,conservative_noisy_or_conflict_adjusted,headphones device,has_screen_size_inch,11.0,headphones device|has_screen_size_inch|11.0,0.91,product_44,unstructured,LP=0.995965;LPO=0.978845|It is a headphones device. Priced at 249 USD. The display measures 11.0 inches. Comes with 12GB of RAM. Built with plastic construction. Targeted at the Global market. Fast charging is yes.,unstructured,1
DEC036_A_llama-3.1-8b-instruct,train_kb,conservative_noisy_or_conflict_adjusted,headphones device,has_ram_gb,12,headphones device|has_ram_gb|12,0.91,product_44,unstructured,LP=0.999258;LPO=0.999805|It is a headphones device. Priced at 249 USD. The display measures 11.0 inches. Comes with 12GB of RAM. Built with plastic construction. Targeted at the Global market. Fast charging is yes.,unstructured,1
DEC036_A_llama-3.1-8b-instruct,train_kb,conservative_noisy_or_conflict_adjusted,headphones device,made_of_material,plastic,headphones device|made_of_material|plastic,0.91,product_44,unstructured,LP=0.962778;LPO=0.999928|It is a headphones device. Priced at 249 USD. The display measures 11.0 inches. Comes with 12GB of RAM. Built with plastic construction. Targeted at the Global market. Fast charging is yes.,unstructured,1
DEC036_A_llama-3.1-8b-instruct,train_kb,conservative_noisy_or_conflict_adjusted,headphones device,target_market_region,Global,headphones device|target_market_region|global,0.91,product_44,unstructured,LP=0.994813;LPO=0.976673|It is a headphones device. Priced at 249 USD. The display measures 11.0 inches. Comes with 12GB of RAM. Built with plastic construction. Targeted at the Global market. Fast charging is yes.,unstructured,1
DEC036_A_llama-3.1-8b-instruct,train_kb,conservative_noisy_or_conflict_adjusted,headphones device,supports_fast_charging,yes,headphones device|supports_fast_charging|yes,0.91,product_44,unstructured,LP=0.999698;LPO=0.998719|It is a headphones device. Priced at 249 USD. The display measures 11.0 inches. Comes with 12GB of RAM. Built with plastic construction. Targeted at the Global market. Fast charging is yes.,unstructured,1
DEC036_A_llama-3.1-8b-instruct,train_kb,conservative_noisy_or_conflict_adjusted,Zenbyte Tablet Plus 45,manufactured_by,Zenbyte,zenbyte tablet plus 45|manufactured_by|zenbyte,0.98,product_45,structured,structured_row:Zenbyte Tablet Plus 45,structured,1
DEC036_A_llama-3.1-8b-instruct,train_kb,conservative_noisy_or_conflict_adjusted,Zenbyte Tablet Plus 45,belongs_to_category,tablet,zenbyte tablet plus 45|belongs_to_category|tablet,0.98,product_45,structured,structured_row:Zenbyte Tablet Plus 45,structured,1
DEC036_A_llama-3.1-8b-instruct,train_kb,conservative_noisy_or_conflict_adjusted,Zenbyte Tablet Plus 45,has_price_usd,899,zenbyte tablet plus 45|has_price_usd|899,0.98,product_45,structured,structured_row:Zenbyte Tablet Plus 45,structured,1
DEC036_A_llama-3.1-8b-instruct,train_kb,conservative_noisy_or_conflict_adjusted,Zenbyte Tablet Plus 45,has_screen_size_inch,11.0,zenbyte tablet plus 45|has_screen_size_inch|11.0,0.98,product_45,structured,structured_row:Zenbyte Tablet Plus 45,structured,1
DEC036_A_llama-3.1-8b-instruct,train_kb,conservative_noisy_or_conflict_adjusted,Zenbyte Tablet Plus 45,has_ram_gb,12,zenbyte tablet plus 45|has_ram_gb|12,0.98,product_45,structured,structured_row:Zenbyte Tablet Plus 45,structured,1
DEC036_A_llama-3.1-8b-instruct,train_kb,conservative_noisy_or_conflict_adjusted,Zenbyte Tablet Plus 45,has_storage_gb,256,zenbyte tablet plus 45|has_storage_gb|256,0.98,product_45,structured,structured_row:Zenbyte Tablet Plus 45,structured,1
DEC036_A_llama-3.1-8b-instruct,train_kb,conservative_noisy_or_conflict_adjusted,Zenbyte Tablet Plus 45,has_battery_life_hours,24,zenbyte tablet plus 45|has_battery_life_hours|24,0.98,product_45,structured,structured_row:Zenbyte Tablet Plus 45,structured,1
DEC036_A_llama-3.1-8b-instruct,train_kb,conservative_noisy_or_conflict_adjusted,Zenbyte Tablet Plus 45,has_weight_kg,1.2,zenbyte tablet plus 45|has_weight_kg|1.2,0.98,product_45,structured,structured_row:Zenbyte Tablet Plus 45,structured,1
DEC036_A_llama-3.1-8b-instruct,train_kb,conservative_noisy_or_conflict_adjusted,Zenbyte Tablet Plus 45,has_color,green,zenbyte tablet plus 45|has_color|green,0.98,product_45,structured,structured_row:Zenbyte Tablet Plus 45,structured,1
DEC036_A_llama-3.1-8b-instruct,train_kb,conservative_noisy_or_conflict_adjusted,Zenbyte Tablet Plus 45,made_of_material,carbon fiber,zenbyte tablet plus 45|made_of_material|carbon fiber,0.98,product_45,structured,structured_row:Zenbyte Tablet Plus 45,structured,1
DEC036_A_llama-3.1-8b-instruct,train_kb,conservative_noisy_or_conflict_adjusted,Zenbyte Tablet Plus 45,target_market_region,US,zenbyte tablet plus 45|target_market_region|us,0.98,product_45,structured,structured_row:Zenbyte Tablet Plus 45,structured,1
DEC036_A_llama-3.1-8b-instruct,train_kb,conservative_noisy_or_conflict_adjusted,Zenbyte Tablet Plus 45,supports_fast_charging,no,zenbyte tablet plus 45|supports_fast_charging|no,0.98,product_45,structured,structured_row:Zenbyte Tablet Plus 45,structured,1
DEC036_A_llama-3.1-8b-instruct,train_kb,conservative_noisy_or_conflict_adjusted,Zenbyte Tablet Plus 45,has_noise_cancellation,no,zenbyte tablet plus 45|has_noise_cancellation|no,0.98,product_45,structured,structured_row:Zenbyte Tablet Plus 45,structured,1
DEC036_A_llama-3.1-8b-instruct,train_kb,conservative_noisy_or_conflict_adjusted,Zenbyte Tablet Plus 45,manufactured_by,Zenbyte,zenbyte tablet plus 45|manufactured_by|zenbyte,0.95,product_45,unstructured,LP=0.991144;LPO=0.999928|Zenbyte Tablet Plus 45 is manufactured by Zenbyte. It is a tablet device. The display measures 11.0 inches. Comes with 12GB of RAM. Offers 256GB of internal storage. Built with carbon fiber construction. Fast charging is no.,unstructured,1
DEC036_A_llama-3.1-8b-instruct,train_kb,conservative_noisy_or_conflict_adjusted,Zenbyte Tablet Plus 45,has_screen_size_inch,11.0,zenbyte tablet plus 45|has_screen_size_inch|11.0,0.92,product_45,unstructured,LP=0.972007;LPO=0.975332|Zenbyte Tablet Plus 45 is manufactured by Zenbyte. It is a tablet device. The display measures 11.0 inches. Comes with 12GB of RAM. Offers 256GB of internal storage. Built with carbon fiber construction. Fast charging is no.,unstructured,1
DEC036_A_llama-3.1-8b-instruct,train_kb,conservative_noisy_or_conflict_adjusted,Zenbyte Tablet Plus 45,has_ram_gb,12,zenbyte tablet plus 45|has_ram_gb|12,0.93,product_45,unstructured,LP=0.999279;LPO=0.999988|Zenbyte Tablet Plus 45 is manufactured by Zenbyte. It is a tablet device. The display measures 11.0 inches. Comes with 12GB of RAM. Offers 256GB of internal storage. Built with carbon fiber construction. Fast charging is no.,unstructured,1
DEC036_A_llama-3.1-8b-instruct,train_kb,conservative_noisy_or_conflict_adjusted,Zenbyte Tablet Plus 45,has_storage_gb,256,zenbyte tablet plus 45|has_storage_gb|256,0.94,product_45,unstructured,LP=0.999780;LPO=0.999985|Zenbyte Tablet Plus 45 is manufactured by Zenbyte. It is a tablet device. The display measures 11.0 inches. Comes with 12GB of RAM. Offers 256GB of internal storage. Built with carbon fiber construction. Fast charging is no.,unstructured,1
DEC036_A_llama-3.1-8b-instruct,train_kb,conservative_noisy_or_conflict_adjusted,Zenbyte Tablet Plus 45,made_of_material,carbon fiber,zenbyte tablet plus 45|made_of_material|carbon fiber,0.9,product_45,unstructured,LP=0.973606;LPO=0.991991|Zenbyte Tablet Plus 45 is manufactured by Zenbyte. It is a tablet device. The display measures 11.0 inches. Comes with 12GB of RAM. Offers 256GB of internal storage. Built with carbon fiber construction. Fast charging is no.,unstructured,1
DEC036_A_llama-3.1-8b-instruct,train_kb,conservative_noisy_or_conflict_adjusted,NeoTech Laptop Air 47,manufactured_by,NeoTech,neotech laptop air 47|manufactured_by|neotech,0.98,product_47,structured,structured_row:NeoTech Laptop Air 47,structured,1
DEC036_A_llama-3.1-8b-instruct,train_kb,conservative_noisy_or_conflict_adjusted,NeoTech Laptop Air 47,belongs_to_category,laptop,neotech laptop air 47|belongs_to_category|laptop,0.98,product_47,structured,structured_row:NeoTech Laptop Air 47,structured,1
DEC036_A_llama-3.1-8b-instruct,train_kb,conservative_noisy_or_conflict_adjusted,NeoTech Laptop Air 47,has_price_usd,249,neotech laptop air 47|has_price_usd|249,0.98,product_47,structured,structured_row:NeoTech Laptop Air 47,structured,1
DEC036_A_llama-3.1-8b-instruct,train_kb,conservative_noisy_or_conflict_adjusted,NeoTech Laptop Air 47,has_screen_size_inch,13.3,neotech laptop air 47|has_screen_size_inch|13.3,0.98,product_47,structured,structured_row:NeoTech Laptop Air 47,structured,1
DEC036_A_llama-3.1-8b-instruct,train_kb,conservative_noisy_or_conflict_adjusted,NeoTech Laptop Air 47,has_ram_gb,6,neotech laptop air 47|has_ram_gb|6,0.98,product_47,structured,structured_row:NeoTech Laptop Air 47,structured,1
DEC036_A_llama-3.1-8b-instruct,train_kb,conservative_noisy_or_conflict_adjusted,NeoTech Laptop Air 47,has_storage_gb,128,neotech laptop air 47|has_storage_gb|128,0.98,product_47,structured,structured_row:NeoTech Laptop Air 47,structured,1
DEC036_A_llama-3.1-8b-instruct,train_kb,conservative_noisy_or_conflict_adjusted,NeoTech Laptop Air 47,has_battery_life_hours,12,neotech laptop air 47|has_battery_life_hours|12,0.98,product_47,structured,structured_row:NeoTech Laptop Air 47,structured,1
DEC036_A_llama-3.1-8b-instruct,train_kb,conservative_noisy_or_conflict_adjusted,NeoTech Laptop Air 47,has_weight_kg,1.8,neotech laptop air 47|has_weight_kg|1.8,0.98,product_47,structured,structured_row:NeoTech Laptop Air 47,structured,1
DEC036_A_llama-3.1-8b-instruct,train_kb,conservative_noisy_or_conflict_adjusted,NeoTech Laptop Air 47,has_color,green,neotech laptop air 47|has_color|green,0.98,product_47,structured,structured_row:NeoTech Laptop Air 47,structured,1
DEC036_A_llama-3.1-8b-instruct,train_kb,conservative_noisy_or_conflict_adjusted,NeoTech Laptop Air 47,made_of_material,carbon fiber,neotech laptop air 47|made_of_material|carbon fiber,0.98,product_47,structured,structured_row:NeoTech Laptop Air 47,structured,1
DEC036_A_llama-3.1-8b-instruct,train_kb,conservative_noisy_or_conflict_adjusted,NeoTech Laptop Air 47,target_market_region,US,neotech laptop air 47|target_market_region|us,0.98,product_47,structured,structured_row:NeoTech Laptop Air 47,structured,1
DEC036_A_llama-3.1-8b-instruct,train_kb,conservative_noisy_or_conflict_adjusted,NeoTech Laptop Air 47,supports_fast_charging,yes,neotech laptop air 47|supports_fast_charging|yes,0.98,product_47,structured,structured_row:NeoTech Laptop Air 47,structured,1
DEC036_A_llama-3.1-8b-instruct,train_kb,conservative_noisy_or_conflict_adjusted,NeoTech Laptop Air 47,has_noise_cancellation,no,neotech laptop air 47|has_noise_cancellation|no,0.98,product_47,structured,structured_row:NeoTech Laptop Air 47,structured,1
DEC036_A_llama-3.1-8b-instruct,train_kb,conservative_noisy_or_conflict_adjusted,TechNova Tablet Lite 48,manufactured_by,TechNova,technova tablet lite 48|manufactured_by|technova,0.98,product_48,structured,structured_row:TechNova Tablet Lite 48,structured,1
DEC036_A_llama-3.1-8b-instruct,train_kb,conservative_noisy_or_conflict_adjusted,TechNova Tablet Lite 48,belongs_to_category,tablet,technova tablet lite 48|belongs_to_category|tablet,0.98,product_48,structured,structured_row:TechNova Tablet Lite 48,structured,1
DEC036_A_llama-3.1-8b-instruct,train_kb,conservative_noisy_or_conflict_adjusted,TechNova Tablet Lite 48,has_price_usd,1299,technova tablet lite 48|has_price_usd|1299,0.98,product_48,structured,structured_row:TechNova Tablet Lite 48,structured,1
DEC036_A_llama-3.1-8b-instruct,train_kb,conservative_noisy_or_conflict_adjusted,TechNova Tablet Lite 48,has_screen_size_inch,13.3,technova tablet lite 48|has_screen_size_inch|13.3,0.98,product_48,structured,structured_row:TechNova Tablet Lite 48,structured,1
DEC036_A_llama-3.1-8b-instruct,train_kb,conservative_noisy_or_conflict_adjusted,TechNova Tablet Lite 48,has_ram_gb,12,technova tablet lite 48|has_ram_gb|12,0.98,product_48,structured,structured_row:TechNova Tablet Lite 48,structured,1
DEC036_A_llama-3.1-8b-instruct,train_kb,conservative_noisy_or_conflict_adjusted,TechNova Tablet Lite 48,has_storage_gb,512,technova tablet lite 48|has_storage_gb|512,0.98,product_48,structured,structured_row:TechNova Tablet Lite 48,structured,1
DEC036_A_llama-3.1-8b-instruct,train_kb,conservative_noisy_or_conflict_adjusted,TechNova Tablet Lite 48,has_battery_life_hours,8,technova tablet lite 48|has_battery_life_hours|8,0.98,product_48,structured,structured_row:TechNova Tablet Lite 48,structured,1
DEC036_A_llama-3.1-8b-instruct,train_kb,conservative_noisy_or_conflict_adjusted,TechNova Tablet Lite 48,has_weight_kg,1.2,technova tablet lite 48|has_weight_kg|1.2,0.98,product_48,structured,structured_row:TechNova Tablet Lite 48,structured,1
DEC036_A_llama-3.1-8b-instruct,train_kb,conservative_noisy_or_conflict_adjusted,TechNova Tablet Lite 48,has_color,blue,technova tablet lite 48|has_color|blue,0.98,product_48,structured,structured_row:TechNova Tablet Lite 48,structured,1
DEC036_A_llama-3.1-8b-instruct,train_kb,conservative_noisy_or_conflict_adjusted,TechNova Tablet Lite 48,made_of_material,carbon fiber,technova tablet lite 48|made_of_material|carbon fiber,0.98,product_48,structured,structured_row:TechNova Tablet Lite 48,structured,1
DEC036_A_llama-3.1-8b-instruct,train_kb,conservative_noisy_or_conflict_adjusted,TechNova Tablet Lite 48,target_market_region,Global,technova tablet lite 48|target_market_region|global,0.98,product_48,structured,structured_row:TechNova Tablet Lite 48,structured,1
DEC036_A_llama-3.1-8b-instruct,train_kb,conservative_noisy_or_conflict_adjusted,TechNova Tablet Lite 48,supports_fast_charging,yes,technova tablet lite 48|supports_fast_charging|yes,0.98,product_48,structured,structured_row:TechNova Tablet Lite 48,structured,1
DEC036_A_llama-3.1-8b-instruct,train_kb,conservative_noisy_or_conflict_adjusted,TechNova Tablet Lite 48,has_noise_cancellation,no,technova tablet lite 48|has_noise_cancellation|no,0.98,product_48,structured,structured_row:TechNova Tablet Lite 48,structured,1
DEC036_A_llama-3.1-8b-instruct,train_kb,conservative_noisy_or_conflict_adjusted,TechNova Tablet Lite 48,manufactured_by,TechNova,technova tablet lite 48|manufactured_by|technova,0.95,product_48,unstructured,LP=0.975537;LPO=0.999810|TechNova Tablet Lite 48 is manufactured by TechNova. Comes with 12GB of RAM. Offers 512GB of internal storage. Battery lasts up to 8 hours. Weighs approximately 1.2kg. Built with carbon fiber construction. Fast charging is yes.,unstructured,1
DEC036_A_llama-3.1-8b-instruct,train_kb,conservative_noisy_or_conflict_adjusted,TechNova Tablet Lite 48,has_ram_gb,12,technova tablet lite 48|has_ram_gb|12,0.92,product_48,unstructured,LP=0.984697;LPO=0.999582|TechNova Tablet Lite 48 is manufactured by TechNova. Comes with 12GB of RAM. Offers 512GB of internal storage. Battery lasts up to 8 hours. Weighs approximately 1.2kg. Built with carbon fiber construction. Fast charging is yes.,unstructured,1
DEC036_A_llama-3.1-8b-instruct,train_kb,conservative_noisy_or_conflict_adjusted,TechNova Tablet Lite 48,has_storage_gb,512,technova tablet lite 48|has_storage_gb|512,0.93,product_48,unstructured,LP=0.999819;LPO=0.999936|TechNova Tablet Lite 48 is manufactured by TechNova. Comes with 12GB of RAM. Offers 512GB of internal storage. Battery lasts up to 8 hours. Weighs approximately 1.2kg. Built with carbon fiber construction. Fast charging is yes.,unstructured,1
DEC036_A_llama-3.1-8b-instruct,train_kb,conservative_noisy_or_conflict_adjusted,TechNova Tablet Lite 48,has_battery_life_hours,8,technova tablet lite 48|has_battery_life_hours|8,0.94,product_48,unstructured,LP=0.999792;LPO=0.998635|TechNova Tablet Lite 48 is manufactured by TechNova. Comes with 12GB of RAM. Offers 512GB of internal storage. Battery lasts up to 8 hours. Weighs approximately 1.2kg. Built with carbon fiber construction. Fast charging is yes.,unstructured,1
DEC036_A_llama-3.1-8b-instruct,train_kb,conservative_noisy_or_conflict_adjusted,TechNova Tablet Lite 48,has_weight_kg,1.2,technova tablet lite 48|has_weight_kg|1.2,0.9,product_48,unstructured,LP=0.999830;LPO=0.999545|TechNova Tablet Lite 48 is manufactured by TechNova. Comes with 12GB of RAM. Offers 512GB of internal storage. Battery lasts up to 8 hours. Weighs approximately 1.2kg. Built with carbon fiber construction. Fast charging is yes.,unstructured,1
DEC036_A_llama-3.1-8b-instruct,train_kb,conservative_noisy_or_conflict_adjusted,TechNova Tablet Lite 48,made_of_material,carbon fiber,technova tablet lite 48|made_of_material|carbon fiber,0.96,product_48,unstructured,LP=0.997220;LPO=0.996970|TechNova Tablet Lite 48 is manufactured by TechNova. Comes with 12GB of RAM. Offers 512GB of internal storage. Battery lasts up to 8 hours. Weighs approximately 1.2kg. Built with carbon fiber construction. Fast charging is yes.,unstructured,1
DEC036_A_llama-3.1-8b-instruct,train_kb,conservative_noisy_or_conflict_adjusted,TechNova Tablet Lite 48,supports_fast_charging,yes,technova tablet lite 48|supports_fast_charging|yes,0.91,product_48,unstructured,LP=0.999695;LPO=0.998601|TechNova Tablet Lite 48 is manufactured by TechNova. Comes with 12GB of RAM. Offers 512GB of internal storage. Battery lasts up to 8 hours. Weighs approximately 1.2kg. Built with carbon fiber construction. Fast charging is yes.,unstructured,1
DEC036_A_llama-3.1-8b-instruct,train_kb,conservative_noisy_or_conflict_adjusted,TechNova Laptop Lite 49,manufactured_by,TechNova,technova laptop lite 49|manufactured_by|technova,0.98,product_49,structured,structured_row:TechNova Laptop Lite 49,structured,1
DEC036_A_llama-3.1-8b-instruct,train_kb,conservative_noisy_or_conflict_adjusted,TechNova Laptop Lite 49,belongs_to_category,laptop,technova laptop lite 49|belongs_to_category|laptop,0.98,product_49,structured,structured_row:TechNova Laptop Lite 49,structured,1
DEC036_A_llama-3.1-8b-instruct,train_kb,conservative_noisy_or_conflict_adjusted,TechNova Laptop Lite 49,has_price_usd,199,technova laptop lite 49|has_price_usd|199,0.98,product_49,structured,structured_row:TechNova Laptop Lite 49,structured,1
DEC036_A_llama-3.1-8b-instruct,train_kb,conservative_noisy_or_conflict_adjusted,TechNova Laptop Lite 49,has_screen_size_inch,15.6,technova laptop lite 49|has_screen_size_inch|15.6,0.98,product_49,structured,structured_row:TechNova Laptop Lite 49,structured,1
DEC036_A_llama-3.1-8b-instruct,train_kb,conservative_noisy_or_conflict_adjusted,TechNova Laptop Lite 49,has_ram_gb,6,technova laptop lite 49|has_ram_gb|6,0.98,product_49,structured,structured_row:TechNova Laptop Lite 49,structured,1
DEC036_A_llama-3.1-8b-instruct,train_kb,conservative_noisy_or_conflict_adjusted,TechNova Laptop Lite 49,has_storage_gb,512,technova laptop lite 49|has_storage_gb|512,0.98,product_49,structured,structured_row:TechNova Laptop Lite 49,structured,1
DEC036_A_llama-3.1-8b-instruct,train_kb,conservative_noisy_or_conflict_adjusted,TechNova Laptop Lite 49,has_battery_life_hours,18,technova laptop lite 49|has_battery_life_hours|18,0.98,product_49,structured,structured_row:TechNova Laptop Lite 49,structured,1
DEC036_A_llama-3.1-8b-instruct,train_kb,conservative_noisy_or_conflict_adjusted,TechNova Laptop Lite 49,has_weight_kg,1.45,technova laptop lite 49|has_weight_kg|1.45,0.98,product_49,structured,structured_row:TechNova Laptop Lite 49,structured,1
DEC036_A_llama-3.1-8b-instruct,train_kb,conservative_noisy_or_conflict_adjusted,TechNova Laptop Lite 49,has_color,green,technova laptop lite 49|has_color|green,0.98,product_49,structured,structured_row:TechNova Laptop Lite 49,structured,1
DEC036_A_llama-3.1-8b-instruct,train_kb,conservative_noisy_or_conflict_adjusted,TechNova Laptop Lite 49,made_of_material,carbon fiber,technova laptop lite 49|made_of_material|carbon fiber,0.98,product_49,structured,structured_row:TechNova Laptop Lite 49,structured,1
DEC036_A_llama-3.1-8b-instruct,train_kb,conservative_noisy_or_conflict_adjusted,TechNova Laptop Lite 49,target_market_region,EU,technova laptop lite 49|target_market_region|eu,0.98,product_49,structured,structured_row:TechNova Laptop Lite 49,structured,1
DEC036_A_llama-3.1-8b-instruct,train_kb,conservative_noisy_or_conflict_adjusted,TechNova Laptop Lite 49,supports_fast_charging,no,technova laptop lite 49|supports_fast_charging|no,0.98,product_49,structured,structured_row:TechNova Laptop Lite 49,structured,1
DEC036_A_llama-3.1-8b-instruct,train_kb,conservative_noisy_or_conflict_adjusted,TechNova Laptop Lite 49,has_noise_cancellation,no,technova laptop lite 49|has_noise_cancellation|no,0.98,product_49,structured,structured_row:TechNova Laptop Lite 49,structured,1
DEC036_A_llama-3.1-8b-instruct,train_kb,conservative_noisy_or_conflict_adjusted,laptop device,has_price_usd,199,laptop device|has_price_usd|199,0.91,product_49,unstructured,LP=0.813851;LPO=0.999162|It is a laptop device. Priced at 199 USD. The display measures 15.6 inches. Comes with 6GB of RAM. Battery lasts up to 18 hours. Weighs approximately 1.45kg. Built with carbon fiber construction.,unstructured,1
DEC036_A_llama-3.1-8b-instruct,train_kb,conservative_noisy_or_conflict_adjusted,laptop device,has_screen_size_inch,15.6,laptop device|has_screen_size_inch|15.6,0.91,product_49,unstructured,LP=0.999256;LPO=0.999881|It is a laptop device. Priced at 199 USD. The display measures 15.6 inches. Comes with 6GB of RAM. Battery lasts up to 18 hours. Weighs approximately 1.45kg. Built with carbon fiber construction.,unstructured,1
DEC036_A_llama-3.1-8b-instruct,train_kb,conservative_noisy_or_conflict_adjusted,laptop device,has_ram_gb,6GB,laptop device|has_ram_gb|6gb,0.91,product_49,unstructured,LP=0.931949;LPO=0.570312|It is a laptop device. Priced at 199 USD. The display measures 15.6 inches. Comes with 6GB of RAM. Battery lasts up to 18 hours. Weighs approximately 1.45kg. Built with carbon fiber construction.,unstructured,1
DEC036_A_llama-3.1-8b-instruct,train_kb,conservative_noisy_or_conflict_adjusted,laptop device,has_battery_life_hours,18,laptop device|has_battery_life_hours|18,0.91,product_49,unstructured,LP=0.999301;LPO=0.997492|It is a laptop device. Priced at 199 USD. The display measures 15.6 inches. Comes with 6GB of RAM. Battery lasts up to 18 hours. Weighs approximately 1.45kg. Built with carbon fiber construction.,unstructured,1
DEC036_A_llama-3.1-8b-instruct,train_kb,conservative_noisy_or_conflict_adjusted,laptop device,has_weight_kg,1.45,laptop device|has_weight_kg|1.45,0.91,product_49,unstructured,LP=0.999944;LPO=0.999620|It is a laptop device. Priced at 199 USD. The display measures 15.6 inches. Comes with 6GB of RAM. Battery lasts up to 18 hours. Weighs approximately 1.45kg. Built with carbon fiber construction.,unstructured,1
DEC036_A_llama-3.1-8b-instruct,train_kb,conservative_noisy_or_conflict_adjusted,laptop device,made_of_material,carbon fiber,laptop device|made_of_material|carbon fiber,0.91,product_49,unstructured,LP=0.995473;LPO=0.997878|It is a laptop device. Priced at 199 USD. The display measures 15.6 inches. Comes with 6GB of RAM. Battery lasts up to 18 hours. Weighs approximately 1.45kg. Built with carbon fiber construction.,unstructured,1
DEC036_A_llama-3.1-8b-instruct,train_kb,conservative_noisy_or_conflict_adjusted,VoltEdge Headphones Max 50,manufactured_by,VoltEdge,voltedge headphones max 50|manufactured_by|voltedge,0.98,product_50,structured,structured_row:VoltEdge Headphones Max 50,structured,1
DEC036_A_llama-3.1-8b-instruct,train_kb,conservative_noisy_or_conflict_adjusted,VoltEdge Headphones Max 50,belongs_to_category,headphones,voltedge headphones max 50|belongs_to_category|headphones,0.98,product_50,structured,structured_row:VoltEdge Headphones Max 50,structured,1
DEC036_A_llama-3.1-8b-instruct,train_kb,conservative_noisy_or_conflict_adjusted,VoltEdge Headphones Max 50,has_price_usd,699,voltedge headphones max 50|has_price_usd|699,0.98,product_50,structured,structured_row:VoltEdge Headphones Max 50,structured,1
DEC036_A_llama-3.1-8b-instruct,train_kb,conservative_noisy_or_conflict_adjusted,VoltEdge Headphones Max 50,has_screen_size_inch,11.0,voltedge headphones max 50|has_screen_size_inch|11.0,0.98,product_50,structured,structured_row:VoltEdge Headphones Max 50,structured,1
DEC036_A_llama-3.1-8b-instruct,train_kb,conservative_noisy_or_conflict_adjusted,VoltEdge Headphones Max 50,has_ram_gb,32,voltedge headphones max 50|has_ram_gb|32,0.98,product_50,structured,structured_row:VoltEdge Headphones Max 50,structured,1
DEC036_A_llama-3.1-8b-instruct,train_kb,conservative_noisy_or_conflict_adjusted,VoltEdge Headphones Max 50,has_storage_gb,512,voltedge headphones max 50|has_storage_gb|512,0.98,product_50,structured,structured_row:VoltEdge Headphones Max 50,structured,1
DEC036_A_llama-3.1-8b-instruct,train_kb,conservative_noisy_or_conflict_adjusted,VoltEdge Headphones Max 50,has_battery_life_hours,12,voltedge headphones max 50|has_battery_life_hours|12,0.98,product_50,structured,structured_row:VoltEdge Headphones Max 50,structured,1
DEC036_A_llama-3.1-8b-instruct,train_kb,conservative_noisy_or_conflict_adjusted,VoltEdge Headphones Max 50,has_weight_kg,1.45,voltedge headphones max 50|has_weight_kg|1.45,0.98,product_50,structured,structured_row:VoltEdge Headphones Max 50,structured,1
DEC036_A_llama-3.1-8b-instruct,train_kb,conservative_noisy_or_conflict_adjusted,VoltEdge Headphones Max 50,has_color,blue,voltedge headphones max 50|has_color|blue,0.98,product_50,structured,structured_row:VoltEdge Headphones Max 50,structured,1
DEC036_A_llama-3.1-8b-instruct,train_kb,conservative_noisy_or_conflict_adjusted,VoltEdge Headphones Max 50,made_of_material,plastic,voltedge headphones max 50|made_of_material|plastic,0.98,product_50,structured,structured_row:VoltEdge Headphones Max 50,structured,1
DEC036_A_llama-3.1-8b-instruct,train_kb,conservative_noisy_or_conflict_adjusted,VoltEdge Headphones Max 50,target_market_region,EU,voltedge headphones max 50|target_market_region|eu,0.98,product_50,structured,structured_row:VoltEdge Headphones Max 50,structured,1
DEC036_A_llama-3.1-8b-instruct,train_kb,conservative_noisy_or_conflict_adjusted,VoltEdge Headphones Max 50,supports_fast_charging,no,voltedge headphones max 50|supports_fast_charging|no,0.98,product_50,structured,structured_row:VoltEdge Headphones Max 50,structured,1
DEC036_A_llama-3.1-8b-instruct,train_kb,conservative_noisy_or_conflict_adjusted,VoltEdge Headphones Max 50,has_noise_cancellation,yes,voltedge headphones max 50|has_noise_cancellation|yes,0.98,product_50,structured,structured_row:VoltEdge Headphones Max 50,structured,1
DEC036_A_llama-3.1-8b-instruct,train_kb,conservative_noisy_or_conflict_adjusted,headphones device,has_ram_gb,32,headphones device|has_ram_gb|32,0.91,product_50,unstructured,LP=0.904261;LPO=0.999485|It is a headphones device. Comes with 32GB of RAM. Offers 512GB of internal storage. Battery lasts up to 12 hours. Weighs approximately 1.45kg. Targeted at the EU market. Fast charging is no.,unstructured,1
DEC036_A_llama-3.1-8b-instruct,train_kb,conservative_noisy_or_conflict_adjusted,headphones device,has_storage_gb,512,headphones device|has_storage_gb|512,0.91,product_50,unstructured,LP=0.996837;LPO=0.999299|It is a headphones device. Comes with 32GB of RAM. Offers 512GB of internal storage. Battery lasts up to 12 hours. Weighs approximately 1.45kg. Targeted at the EU market. Fast charging is no.,unstructured,1
DEC036_A_llama-3.1-8b-instruct,train_kb,conservative_noisy_or_conflict_adjusted,headphones device,has_battery_life_hours,12,headphones device|has_battery_life_hours|12,0.91,product_50,unstructured,LP=0.999531;LPO=0.997486|It is a headphones device. Comes with 32GB of RAM. Offers 512GB of internal storage. Battery lasts up to 12 hours. Weighs approximately 1.45kg. Targeted at the EU market. Fast charging is no.,unstructured,1
DEC036_A_llama-3.1-8b-instruct,train_kb,conservative_noisy_or_conflict_adjusted,headphones device,has_weight_kg,1.45,headphones device|has_weight_kg|1.45,0.91,product_50,unstructured,LP=0.999891;LPO=0.999403|It is a headphones device. Comes with 32GB of RAM. Offers 512GB of internal storage. Battery lasts up to 12 hours. Weighs approximately 1.45kg. Targeted at the EU market. Fast charging is no.,unstructured,1
DEC036_A_llama-3.1-8b-instruct,train_kb,conservative_noisy_or_conflict_adjusted,headphones device,target_market_region,EU,headphones device|target_market_region|eu,0.91,product_50,unstructured,LP=0.992964;LPO=0.960314|It is a headphones device. Comes with 32GB of RAM. Offers 512GB of internal storage. Battery lasts up to 12 hours. Weighs approximately 1.45kg. Targeted at the EU market. Fast charging is no.,unstructured,1
DEC036_A_llama-3.1-8b-instruct,train_kb,conservative_noisy_or_conflict_adjusted,headphones device,supports_fast_charging,no,headphones device|supports_fast_charging|no,0.91,product_50,unstructured,LP=0.973941;LPO=0.810872|It is a headphones device. Comes with 32GB of RAM. Offers 512GB of internal storage. Battery lasts up to 12 hours. Weighs approximately 1.45kg. Targeted at the EU market. Fast charging is no.,unstructured,1
